 # t (ps), C(t)
   2.0000000000000000E-002   1.0000000000000000     
   4.0000000000000001E-002  0.93791339144942087     
   5.9999999999999998E-002  0.91136459470423103     
   8.0000000000000002E-002  0.91265983777739312     
  0.10000000000000001       0.90954232343031327     
  0.12000000000000000       0.89870406225791999     
  0.14000000000000001       0.88476736744490414     
  0.16000000000000000       0.86472972552296978     
  0.17999999999999999       0.86084762322648489     
  0.20000000000000001       0.85666508505528927     
  0.22000000000000000       0.85799161339176377     
  0.23999999999999999       0.83419559469431837     
  0.26000000000000001       0.82881832290227475     
  0.28000000000000003       0.82491945857865634     
  0.29999999999999999       0.82785486857185075     
  0.32000000000000001       0.81907007890930839     
  0.34000000000000002       0.81194497970459467     
  0.35999999999999999       0.81116224304079954     
  0.38000000000000000       0.80005502221335612     
  0.40000000000000002       0.78778760204806897     
  0.41999999999999998       0.78650272471475413     
  0.44000000000000000       0.78123436357761278     
  0.46000000000000002       0.77468981066898146     
  0.47999999999999998       0.76251258256179244     
  0.50000000000000000       0.75182567323089000     
  0.52000000000000002       0.74732698715520673     
  0.54000000000000004       0.74610945861835365     
  0.56000000000000005       0.74450831181182686     
  0.57999999999999996       0.72922428898273928     
  0.59999999999999998       0.72201530588115359     
  0.62000000000000000       0.72445552083744380     
  0.64000000000000001       0.73378717922834535     
  0.66000000000000003       0.72147684991595651     
  0.68000000000000005       0.70629787133932131     
  0.70000000000000007       0.71538604045710275     
  0.71999999999999997       0.70623488144254654     
  0.73999999999999999       0.69919407820572999     
  0.76000000000000001       0.69832545291731574     
  0.78000000000000003       0.67974277602248245     
  0.80000000000000004       0.67505191116076235     
  0.82000000000000006       0.67689146715402315     
  0.83999999999999997       0.67520355459933479     
  0.85999999999999999       0.66089877269320041     
  0.88000000000000000       0.64717662165788248     
  0.90000000000000002       0.64880459452606776     
  0.92000000000000004       0.65689930664593010     
  0.94000000000000006       0.64629743174348231     
  0.95999999999999996       0.64650232460063251     
  0.97999999999999998       0.64027264911544868     
   1.0000000000000000       0.63893862797790613     
   1.0200000000000000       0.63303372042864581     
   1.0400000000000000       0.63350306644840171     
   1.0600000000000001       0.63003045525593360     
   1.0800000000000001       0.61084465642055330     
   1.1000000000000001       0.60852889976333291     
   1.1200000000000001       0.60609348276868724     
   1.1400000000000001       0.59067712086333224     
   1.1599999999999999       0.60227387502915020     
   1.1799999999999999       0.59827318154645936     
   1.2000000000000000       0.59747673100922039     
   1.2200000000000000       0.60366666624396359     
   1.2400000000000000       0.58472532879972783     
   1.2600000000000000       0.58651608872835403     
   1.2800000000000000       0.59310769616518555     
   1.3000000000000000       0.58848505677002261     
   1.3200000000000001       0.57933793912598308     
   1.3400000000000001       0.58266609370291289     
   1.3600000000000001       0.57575029452347770     
   1.3800000000000001       0.57298699095115257     
   1.4000000000000001       0.56382386435316278     
   1.4199999999999999       0.56684137079753905     
   1.4399999999999999       0.55347219173499429     
   1.4600000000000000       0.55854574067552343     
   1.4800000000000000       0.55026532275726292     
   1.5000000000000000       0.55338013906095174     
   1.5200000000000000       0.54554596952099710     
   1.5400000000000000       0.55256527326174820     
   1.5600000000000001       0.55017375200034546     
   1.5800000000000001       0.54431487509180654     
   1.6000000000000001       0.54482830837941010     
   1.6200000000000001       0.53851902415321729     
   1.6400000000000001       0.53661571225037863     
   1.6600000000000001       0.53458090514072487     
   1.6799999999999999       0.53608179731531724     
   1.7000000000000000       0.52755202907420617     
   1.7200000000000000       0.52793034002119832     
   1.7400000000000000       0.54192871674940690     
   1.7600000000000000       0.53152668604724029     
   1.7800000000000000       0.52238406139060911     
   1.8000000000000000       0.51037051409675238     
   1.8200000000000001       0.53093637165730279     
   1.8400000000000001       0.52646222945892318     
   1.8600000000000001       0.52292231900222930     
   1.8800000000000001       0.52426129152218093     
   1.9000000000000001       0.50721101821656889     
   1.9199999999999999       0.49643422033247775     
   1.9399999999999999       0.49802301443649344     
   1.9600000000000000       0.52024259950480500     
   1.9800000000000000       0.50025765092381003     
   2.0000000000000000       0.49197362444975745     
   2.0200000000000000       0.48828947951370233     
   2.0400000000000000       0.48395736104512871     
   2.0600000000000001       0.46069585195529261     
   2.0800000000000001       0.46076625329463589     
   2.1000000000000001       0.47091850762872162     
   2.1200000000000001       0.48120376289525113     
   2.1400000000000001       0.45216731867579113     
   2.1600000000000001       0.44496279437703690     
   2.1800000000000002       0.45146772036806543     
   2.2000000000000002       0.44678790603337698     
   2.2200000000000002       0.45158931169428745     
   2.2400000000000002       0.44753770133796783     
   2.2600000000000002       0.42189474235683933     
   2.2800000000000002       0.43768866975687093     
   2.3000000000000003       0.44702755252218407     
   2.3199999999999998       0.43984882061636310     
   2.3399999999999999       0.41907051875844809     
   2.3599999999999999       0.42100065545160076     
   2.3799999999999999       0.43316577071466383     
   2.3999999999999999       0.44227016166906402     
   2.4199999999999999       0.42272314254119447     
   2.4399999999999999       0.41810415483187580     
   2.4600000000000000       0.42113602469917555     
   2.4800000000000000       0.41759307861642553     
   2.5000000000000000       0.41573023713139251     
   2.5200000000000000       0.41233625154444165     
   2.5400000000000000       0.42011811157101375     
   2.5600000000000001       0.41670301052504555     
   2.5800000000000001       0.40306940779394129     
   2.6000000000000001       0.41391496774465314     
   2.6200000000000001       0.41548782154062935     
   2.6400000000000001       0.40986188591233536     
   2.6600000000000001       0.40493713535391795     
   2.6800000000000002       0.40059934989682783     
   2.7000000000000002       0.40269440495148318     
   2.7200000000000002       0.40944998898407692     
   2.7400000000000002       0.40469454410029465     
   2.7600000000000002       0.39840437098235182     
   2.7800000000000002       0.41088998056841891     
   2.8000000000000003       0.40899407790982517     
   2.8199999999999998       0.40579421440218721     
   2.8399999999999999       0.39869830760195984     
   2.8599999999999999       0.39117325809133752     
   2.8799999999999999       0.39547920992275593     
   2.8999999999999999       0.37499133815834457     
   2.9199999999999999       0.37235881568240309     
   2.9399999999999999       0.38698823184035103     
   2.9600000000000000       0.39553306339829136     
   2.9800000000000000       0.37540440476966697     
   3.0000000000000000       0.35859063430876342     
   3.0200000000000000       0.35416293133297999     
   3.0400000000000000       0.35794008769448127     
   3.0600000000000001       0.35524852702278692     
   3.0800000000000001       0.33905951385969257     
   3.1000000000000001       0.34798005341169402     
   3.1200000000000001       0.33662747220568956     
   3.1400000000000001       0.32407670294239999     
   3.1600000000000001       0.33578619235719664     
   3.1800000000000002       0.34473671504695863     
   3.2000000000000002       0.32273580726970397     
   3.2200000000000002       0.33046430503433660     
   3.2400000000000002       0.34490473031356644     
   3.2600000000000002       0.34178277676051877     
   3.2800000000000002       0.34759714034466044     
   3.3000000000000003       0.34282155610796960     
   3.3200000000000003       0.33609661497426391     
   3.3399999999999999       0.34066537895198290     
   3.3599999999999999       0.35443240891972144     
   3.3799999999999999       0.35057041236125891     
   3.3999999999999999       0.34575913750569276     
   3.4199999999999999       0.33776443968588449     
   3.4399999999999999       0.32937426124468416     
   3.4600000000000000       0.32803334611672508     
   3.4800000000000000       0.30941571238430748     
   3.5000000000000000       0.31575591801313890     
   3.5200000000000000       0.32325845453444080     
   3.5400000000000000       0.32172162027283763     
   3.5600000000000001       0.30188414301706723     
   3.5800000000000001       0.31290363825611561     
   3.6000000000000001       0.32495352463966204     
   3.6200000000000001       0.33115551791511799     
   3.6400000000000001       0.31388317692823214     
   3.6600000000000001       0.31351068145670791     
   3.6800000000000002       0.31673951960382990     
   3.7000000000000002       0.32607788542670324     
   3.7200000000000002       0.33001571048951583     
   3.7400000000000002       0.33045698200360152     
   3.7600000000000002       0.31472045868387677     
   3.7800000000000002       0.31994086821494733     
   3.8000000000000003       0.31773067879572459     
   3.8200000000000003       0.31062265443090259     
   3.8399999999999999       0.30104170826280757     
   3.8599999999999999       0.30595725438695193     
   3.8799999999999999       0.31086438405286043     
   3.8999999999999999       0.32036483083722328     
   3.9199999999999999       0.31385851141509502     
   3.9399999999999999       0.31576612235989648     
   3.9600000000000000       0.30372681257481149     
   3.9800000000000000       0.32450670522703035     
   4.0000000000000000       0.31540959555867282     
   4.0200000000000005       0.30175715516457302     
   4.0400000000000000       0.30047141306944408     
   4.0600000000000005       0.30459964839125070     
   4.0800000000000001       0.29552549872197303     
   4.0999999999999996       0.28178431063180098     
   4.1200000000000001       0.28023396453882315     
   4.1399999999999997       0.27529761368208433     
   4.1600000000000001       0.27621720730609900     
   4.1799999999999997       0.27308537924934240     
   4.2000000000000002       0.27094697352336328     
   4.2199999999999998       0.28181562912037855     
   4.2400000000000002       0.27816101570461066     
   4.2599999999999998       0.28741724129883434     
   4.2800000000000002       0.27870262601803092     
   4.2999999999999998       0.28243193020919466     
   4.3200000000000003       0.27657337989965819     
   4.3399999999999999       0.26434857920140109     
   4.3600000000000003       0.26110473926965400     
   4.3799999999999999       0.25777055789326520     
   4.4000000000000004       0.24845188232800780     
   4.4199999999999999       0.26127360159726026     
   4.4400000000000004       0.25797685783602275     
   4.4600000000000000       0.24556577409094563     
   4.4800000000000004       0.24632559429177897     
   4.5000000000000000       0.22845181718662025     
   4.5200000000000005       0.24087749710531534     
   4.5400000000000000       0.24375643755403301     
   4.5600000000000005       0.23582627845524071     
   4.5800000000000001       0.23672891275726593     
   4.6000000000000005       0.23645374663664567     
   4.6200000000000001       0.23904501300597919     
   4.6399999999999997       0.22483392919710440     
   4.6600000000000001       0.24286108146592422     
   4.6799999999999997       0.23525445138483644     
   4.7000000000000002       0.23323289314735215     
   4.7199999999999998       0.22072854462061445     
   4.7400000000000002       0.20872965892927536     
   4.7599999999999998       0.21194966740206564     
   4.7800000000000002       0.20266789656476916     
   4.7999999999999998       0.20623410410546592     
   4.8200000000000003       0.19313018041774532     
   4.8399999999999999       0.18155968894916547     
   4.8600000000000003       0.21163994278900386     
   4.8799999999999999       0.19864244001822867     
   4.9000000000000004       0.19973616559513116     
   4.9199999999999999       0.19430832235136525     
   4.9400000000000004       0.20010273304477899     
   4.9600000000000000       0.19752875939160613     
   4.9800000000000004       0.19787125469853042     
   5.0000000000000000       0.20413852229082019     
   5.0200000000000005       0.20278230769820638     
   5.0400000000000000       0.19919442008827457     
   5.0600000000000005       0.20634277441997431     
   5.0800000000000001       0.19876033434201482     
   5.1000000000000005       0.20136053078734323     
   5.1200000000000001       0.20381774163552313     
   5.1399999999999997       0.20447844658959163     
   5.1600000000000001       0.19998912352880968     
   5.1799999999999997       0.20063724469301683     
   5.2000000000000002       0.19019283923604349     
   5.2199999999999998       0.19307572363877681     
   5.2400000000000002       0.19942779816330827     
   5.2599999999999998       0.21453968096820730     
   5.2800000000000002       0.20397441753100429     
   5.2999999999999998       0.21840932431971311     
   5.3200000000000003       0.20484876466739640     
   5.3399999999999999       0.20643340102204324     
   5.3600000000000003       0.20306945889288322     
   5.3799999999999999       0.20584541793099889     
   5.4000000000000004       0.20066475035474143     
   5.4199999999999999       0.20351745521277453     
   5.4400000000000004       0.22643458220832316     
   5.4600000000000000       0.21025624535600232     
   5.4800000000000004       0.20210637142076562     
   5.5000000000000000       0.20836275130595119     
   5.5200000000000005       0.21500986625744725     
   5.5400000000000000       0.19282250702333312     
   5.5600000000000005       0.19577811775158188     
   5.5800000000000001       0.19597501361232733     
   5.6000000000000005       0.19577660081434045     
   5.6200000000000001       0.19106979097969731     
   5.6399999999999997       0.18800663796149297     
   5.6600000000000001       0.18580666283689146     
   5.6799999999999997       0.18536767887938632     
   5.7000000000000002       0.19131869673528015     
   5.7199999999999998       0.17779062938889084     
   5.7400000000000002       0.18408680519697479     
   5.7599999999999998       0.18797444204428820     
   5.7800000000000002       0.18915649532612447     
   5.7999999999999998       0.19514209411158756     
   5.8200000000000003       0.19987351573885961     
   5.8399999999999999       0.18960331740222189     
   5.8600000000000003       0.17186290884729991     
   5.8799999999999999       0.19140881328402587     
   5.9000000000000004       0.19770207061151943     
   5.9199999999999999       0.18707240009935683     
   5.9400000000000004       0.17423019966791614     
   5.9600000000000000       0.18316335942938949     
   5.9800000000000004       0.18853901467327822     
   6.0000000000000000       0.18011569500097688     
   6.0200000000000005       0.18584958802947937     
   6.0400000000000000       0.17574381203472422     
   6.0600000000000005       0.18577276442676163     
   6.0800000000000001       0.17329109638613502     
   6.1000000000000005       0.18291963510799111     
   6.1200000000000001       0.16858430658401058     
   6.1400000000000006       0.17825778098269274     
   6.1600000000000001       0.18180505252047396     
   6.1799999999999997       0.17677895867388274     
   6.2000000000000002       0.18138432747338745     
   6.2199999999999998       0.18519196328822041     
   6.2400000000000002       0.17569914004541859     
   6.2599999999999998       0.16612696656673226     
   6.2800000000000002       0.16461076505172237     
   6.2999999999999998       0.18428997592328927     
   6.3200000000000003       0.17477263281610589     
   6.3399999999999999       0.18237685063921433     
   6.3600000000000003       0.16504184945974923     
   6.3799999999999999       0.16599035546639049     
   6.4000000000000004       0.16345277452181695     
   6.4199999999999999       0.15624567496138383     
   6.4400000000000004       0.16731091080042101     
   6.4600000000000000       0.16129237622383549     
   6.4800000000000004       0.16520265565499018     
   6.5000000000000000       0.15672210550180826     
   6.5200000000000005       0.15851559615553099     
   6.5400000000000000       0.16558906128844142     
   6.5600000000000005       0.14602854963094675     
   6.5800000000000001       0.13337328605587312     
   6.6000000000000005       0.14568166278060174     
   6.6200000000000001       0.13838078959008832     
   6.6400000000000006       0.14142818326327869     
   6.6600000000000001       0.15832231310700004     
   6.6799999999999997       0.17305186824040683     
   6.7000000000000002       0.15090607001819437     
   6.7199999999999998       0.14453175811546229     
   6.7400000000000002       0.15556367799039908     
   6.7599999999999998       0.15416679246038884     
   6.7800000000000002       0.14934801584097177     
   6.7999999999999998       0.14605135813324413     
   6.8200000000000003       0.14175271095503475     
   6.8399999999999999       0.13259711077424674     
   6.8600000000000003       0.12366179392617822     
   6.8799999999999999       0.13397596733190309     
   6.9000000000000004       0.13580328479120046     
   6.9199999999999999       0.12316324985121979     
   6.9400000000000004       0.13280003685268749     
   6.9600000000000000       0.13069400519744265     
   6.9800000000000004       0.13525985010802075     
   7.0000000000000000       0.12597313180090167     
   7.0200000000000005       0.14217572768751166     
   7.0400000000000000       0.14131790259209404     
   7.0600000000000005       0.13052640925973924     
   7.0800000000000001       0.14348347633168074     
   7.1000000000000005       0.14684739348488562     
   7.1200000000000001       0.13149877012342603     
   7.1400000000000006       0.13251988072042015     
   7.1600000000000001       0.13609659800445176     
   7.1799999999999997       0.12820377986898715     
   7.2000000000000002       0.13347603972059230     
   7.2199999999999998       0.13676554464536650     
   7.2400000000000002       0.12598194177243438     
   7.2599999999999998       0.11431252141663238     
   7.2800000000000002       0.12466409362486559     
   7.2999999999999998       0.13304078948683401     
   7.3200000000000003       0.11747394653500252     
   7.3399999999999999       0.12841516325730362     
   7.3600000000000003       0.12375276780878011     
   7.3799999999999999       0.12125670501235450     
   7.4000000000000004       0.11087039351396145     
   7.4199999999999999       0.11365115410039377     
   7.4400000000000004       0.10380376337406123     
   7.4600000000000000       0.11847386772842074     
   7.4800000000000004       0.13310772019505321     
   7.5000000000000000       0.11686473075012486     
   7.5200000000000005       0.10563757545514321     
   7.5400000000000000       0.10290839229863803     
   7.5600000000000005       0.13173072984955014     
   7.5800000000000001       0.13363855216652995     
   7.6000000000000005       0.11602864256341282     
   7.6200000000000001       0.11368738342396333     
   7.6400000000000006       0.11464377453174322     
   7.6600000000000001       0.11688025447019300     
   7.6799999999999997       0.11100386761118107     
   7.7000000000000002       0.11562947134300455     
   7.7199999999999998       0.13666202110939649     
   7.7400000000000002       0.13165414832249395     
   7.7599999999999998       0.13590046360610997     
   7.7800000000000002       0.13899056279599889     
   7.7999999999999998       0.13479899841445531     
   7.8200000000000003       0.13190318952071717     
   7.8399999999999999       0.14801886256910826     
   7.8600000000000003       0.11482789681712637     
   7.8799999999999999       0.12737898292146244     
   7.9000000000000004       0.14000344584760102     
   7.9199999999999999       0.14018523391493967     
   7.9400000000000004       0.12117252778203970     
   7.9600000000000000       0.12210612839666450     
   7.9800000000000004       0.12681829717867893     
   8.0000000000000000       0.13499952482477207     
   8.0199999999999996       0.13188895991385605     
   8.0400000000000009       0.12401033163024600     
   8.0600000000000005       0.10919133158845917     
   8.0800000000000001       0.11565757400856513     
   8.0999999999999996       0.11257775246287111     
   8.1200000000000010       0.12757776187886588     
   8.1400000000000006       0.12234683725829076     
   8.1600000000000001       0.10983937759344049     
   8.1799999999999997       0.12499968339673345     
   8.1999999999999993        9.2430188124905499E-002
   8.2200000000000006        9.0799108007530091E-002
   8.2400000000000002       0.11325624928930261     
   8.2599999999999998       0.11039835901960685     
   8.2799999999999994       0.10996902458136719     
   8.3000000000000007       0.13289789038489758     
   8.3200000000000003       0.14102369215841731     
   8.3399999999999999       0.14328704160548650     
   8.3599999999999994       0.13244484651135191     
   8.3800000000000008       0.13361136693272757     
   8.4000000000000004       0.13221919968167345     
   8.4199999999999999       0.12357786674177314     
   8.4399999999999995       0.12116813964436524     
   8.4600000000000009       0.12464762497714889     
   8.4800000000000004       0.12300389221289000     
   8.5000000000000000       0.12818366736827161     
   8.5199999999999996       0.11785502533790802     
   8.5400000000000009       0.11126345826722678     
   8.5600000000000005       0.13166501778957021     
   8.5800000000000001       0.13344193636636850     
   8.5999999999999996       0.12147253616701306     
   8.6200000000000010       0.13207816950429485     
   8.6400000000000006       0.12919663077782523     
   8.6600000000000001       0.12544742297874217     
   8.6799999999999997       0.12076806400214536     
   8.7000000000000011       0.12863276625959122     
   8.7200000000000006       0.13538033262580329     
   8.7400000000000002       0.11972770799031913     
   8.7599999999999998       0.11337072904912983     
   8.7799999999999994       0.12674276571595366     
   8.8000000000000007       0.11913898350091479     
   8.8200000000000003       0.12839480031966227     
   8.8399999999999999       0.12877093854364113     
   8.8599999999999994       0.12334617796997210     
   8.8800000000000008       0.13006103166558733     
   8.9000000000000004       0.11259105989457047     
   8.9199999999999999       0.12496742862641710     
   8.9399999999999995       0.11559058518126913     
   8.9600000000000009       0.12079910183122847     
   8.9800000000000004       0.11577711573055775     
   9.0000000000000000       0.11549540514509052     
   9.0199999999999996       0.11462140560599374     
   9.0400000000000009       0.11433395666398807     
   9.0600000000000005       0.11510876270622547     
   9.0800000000000001       0.11841014139866426     
   9.0999999999999996       0.12322197993769078     
   9.1200000000000010       0.14086036807757166     
   9.1400000000000006       0.11921454769190393     
   9.1600000000000001       0.11681966422960166     
   9.1799999999999997       0.13303095048673128     
   9.2000000000000011       0.12852584960425711     
   9.2200000000000006       0.12818237194035204     
   9.2400000000000002       0.12799987827760373     
   9.2599999999999998       0.11437407947479199     
   9.2799999999999994       0.11405137908620999     
   9.3000000000000007       0.11605617473491729     
   9.3200000000000003       0.12375950762118174     
   9.3399999999999999       0.11583780231568599     
   9.3599999999999994       0.11056766974175034     
   9.3800000000000008       0.10876911778529509     
   9.4000000000000004       0.10848344445791067     
   9.4199999999999999        9.1380019416498481E-002
   9.4399999999999995       0.10598339918595628     
   9.4600000000000009       0.10387294500320939     
   9.4800000000000004        8.9165407669093422E-002
   9.5000000000000000       0.11302147073441311     
   9.5199999999999996       0.11879352156703651     
   9.5400000000000009       0.11542632956190461     
   9.5600000000000005       0.10737308173346395     
   9.5800000000000001       0.12668181145032292     
   9.5999999999999996       0.11101763342066291     
   9.6200000000000010       0.12152869118442497     
   9.6400000000000006       0.12764380630538522     
   9.6600000000000001       0.10909233968133039     
   9.6799999999999997       0.12957768702664135     
   9.7000000000000011       0.14295039454743333     
   9.7200000000000006       0.13387569899134105     
   9.7400000000000002       0.13184869654487877     
   9.7599999999999998       0.12753367933627507     
   9.7799999999999994       0.13029189989001555     
   9.8000000000000007       0.12690522644240290     
   9.8200000000000003       0.13300241681873221     
   9.8399999999999999       0.12470910336859144     
   9.8599999999999994       0.12644293732677681     
   9.8800000000000008       0.11656123745948374     
   9.9000000000000004       0.11267683564082591     
   9.9199999999999999       0.12291656885805054     
   9.9399999999999995       0.13117636910952246     
   9.9600000000000009       0.13121632868703195     
   9.9800000000000004       0.13876550866221504     
   10.000000000000000       0.12217867472532172     
