0.02 1.000000000000000000e+00
0.04 9.358113883013492451e-01
0.06000000000000001 9.224148209832028211e-01
0.08 9.239163815644795275e-01
0.1 9.224500538267954575e-01
0.12000000000000002 9.122981613907418241e-01
0.14 9.076633571250984911e-01
0.16 8.987016543565486959e-01
0.18 8.951422608515697821e-01
0.2 8.882658712651089195e-01
0.22000000000000003 8.853778760963249006e-01
0.24000000000000005 8.762333363763390448e-01
0.26 8.766229526340599820e-01
0.28 8.654891795504516816e-01
0.3 8.692728061578013365e-01
0.32 8.639298329187066194e-01
0.34 8.575060887972848489e-01
0.36 8.600116347490743829e-01
0.38 8.570359335548140001e-01
0.4 8.584636389960287328e-01
0.42000000000000004 8.537942748385568548e-01
0.44000000000000006 8.498905224380230994e-01
0.4600000000000001 8.427155889831641211e-01
0.4800000000000001 8.385219498947512617e-01
0.5 8.411593748650858515e-01
0.52 8.398966822838507262e-01
0.54 8.370819449193747097e-01
0.56 8.350303103053000608e-01
0.5800000000000001 8.325893203946630461e-01
0.6 8.298994973524959073e-01
0.62 8.248642145327382824e-01
0.64 8.222124895891117502e-01
0.66 8.232915035080361488e-01
0.68 8.164903069230924348e-01
0.7 8.116978809930555094e-01
0.72 8.146238739256104200e-01
0.74 8.071081790812242307e-01
0.76 8.081603212371418765e-01
0.78 7.996965192172276193e-01
0.8 7.987559136909109236e-01
0.8200000000000001 8.000086313417152928e-01
0.8400000000000001 7.968740198147798992e-01
0.86 7.956305749004463079e-01
0.8800000000000001 7.908174635787278417e-01
0.9 7.957262704407231935e-01
0.9200000000000002 7.926838296718227150e-01
0.9400000000000001 8.022985961198891847e-01
0.9600000000000002 7.976934715794252728e-01
0.9800000000000001 7.885562260530569745e-01
1.0 7.861077129591726997e-01
1.02 7.890164310627297839e-01
1.04 7.844798537628980828e-01
1.06 7.850157819605112497e-01
1.08 7.813969418352558760e-01
1.1 7.806162916313016398e-01
1.12 7.760701021184441828e-01
1.1400000000000001 7.797166067669942802e-01
1.1600000000000001 7.835085848200368241e-01
1.1800000000000002 7.775481005804565360e-01
1.2 7.840054481740194037e-01
1.2200000000000002 7.695946471023662472e-01
1.24 7.781861382692980555e-01
1.2600000000000002 7.695715766001153257e-01
1.28 7.689723106246147966e-01
1.3 7.673887456547467956e-01
1.32 7.695405398199982594e-01
1.34 7.659726649643264773e-01
1.36 7.624318088183712483e-01
1.3800000000000001 7.649533072415753976e-01
1.4 7.689068981170776862e-01
1.4200000000000002 7.636752297234676856e-01
1.44 7.562538727431561414e-01
1.4600000000000002 7.619846695405483317e-01
1.48 7.616356739685591348e-01
1.5 7.607294297560005525e-01
1.52 7.546156836559555492e-01
1.54 7.550706944934860720e-01
1.56 7.508159812470416306e-01
1.58 7.506540836898243363e-01
1.6 7.510382987917452180e-01
1.6199999999999999 7.532413566652188530e-01
1.6400000000000001 7.509097252885711393e-01
1.6600000000000001 7.439669821298484642e-01
1.6800000000000002 7.419487600713394748e-01
1.7 7.393143555508566722e-01
1.72 7.373918843803420886e-01
1.7400000000000002 7.397315222222042852e-01
1.7600000000000002 7.387851500295073981e-01
1.78 7.484317882151887424e-01
1.8 7.421440542093740156e-01
1.8199999999999998 7.389570331542483217e-01
1.8400000000000003 7.360969659109264374e-01
1.86 7.429327938438935464e-01
1.8800000000000001 7.383771970377351890e-01
1.9 7.404030087647133218e-01
1.9200000000000004 7.392831283997313152e-01
1.9400000000000002 7.362487080730393263e-01
1.9600000000000002 7.293065342467347500e-01
1.98 7.319000198693954573e-01
2.0 7.296155885788834228e-01
2.0200000000000005 7.309600686453568974e-01
2.04 7.309187009338471430e-01
2.06 7.305491624632036718e-01
2.08 7.306362449323647867e-01
2.1 7.321647502437134136e-01
2.12 7.282047687159605154e-01
2.14 7.251716967308229345e-01
2.16 7.253090797337394813e-01
2.18 7.318335790928652829e-01
2.2 7.194053999523079002e-01
2.22 7.267164954797173948e-01
2.24 7.261939750176029662e-01
2.2600000000000002 7.180596011361720654e-01
2.2800000000000002 7.180847613467213897e-01
2.3 7.198011958045056335e-01
2.3200000000000003 7.206734513005803588e-01
2.3400000000000003 7.098155303495884416e-01
2.3600000000000003 7.121577487437030785e-01
2.38 7.119788510785904911e-01
2.4 7.047832861060677745e-01
2.4200000000000004 7.163751298073468554e-01
2.4400000000000004 7.175906886047080935e-01
2.46 7.122088843905655109e-01
2.48 7.042529941600415011e-01
2.5 7.103658781090681495e-01
2.5200000000000005 7.063034440735196373e-01
2.54 7.059962762754290466e-01
2.56 7.001034234875846973e-01
2.58 6.979335470590261048e-01
2.6 6.942710274453718355e-01
2.62 6.932460907634279135e-01
2.64 6.909366515905692729e-01
2.66 6.903699953454031091e-01
2.68 6.914063645060994912e-01
2.7 6.841894747620319572e-01
2.72 6.856722551005833832e-01
2.74 6.902032723574949014e-01
2.7600000000000002 6.821872798843432451e-01
2.7800000000000002 6.788311842149992170e-01
2.8 6.797947881667839587e-01
2.8200000000000003 6.786457856820877765e-01
2.8400000000000003 6.795872548596290086e-01
2.8600000000000003 6.661671442729604209e-01
2.88 6.782734654589892553e-01
2.9 6.712605561835469636e-01
2.9200000000000004 6.771926280577570401e-01
2.9400000000000004 6.688356887496607062e-01
2.96 6.649871756281635626e-01
2.98 6.643019081688660288e-01
3.0 6.673548997718713460e-01
3.0200000000000005 6.690715564539081450e-01
3.04 6.559825363173310553e-01
3.06 6.586893873203218952e-01
3.08 6.546671748127225188e-01
3.1 6.564565651080240816e-01
3.12 6.546602177458522576e-01
3.14 6.631056898404208422e-01
3.16 6.600383321864073949e-01
3.18 6.522038325942113302e-01
3.2 6.458712540004583058e-01
3.22 6.540237017089786109e-01
3.2399999999999998 6.492573772828433842e-01
3.2600000000000002 6.465349737749814807e-01
3.2800000000000002 6.425449966723082440e-01
3.3 6.436574117580743382e-01
3.3200000000000003 6.443814066057450551e-01
3.34 6.444799084719557980e-01
3.3600000000000003 6.404134316691050266e-01
3.3800000000000003 6.456783611908788467e-01
3.4 6.446555782960180503e-01
3.4200000000000004 6.429352179518688093e-01
3.44 6.447357412671173016e-01
3.46 6.413925315881979783e-01
3.4800000000000004 6.352032163403309450e-01
3.5 6.418373950348656987e-01
3.5200000000000005 6.450097651256143649e-01
3.54 6.348534079555484544e-01
3.56 6.407733821322298962e-01
3.5800000000000005 6.328749402684035186e-01
3.6 6.271057750950282950e-01
3.62 6.281425475988196006e-01
3.6399999999999997 6.371220281833226418e-01
3.66 6.264185509595325829e-01
3.6800000000000006 6.301318747995957592e-01
3.7 6.227828491587430459e-01
3.72 6.285213184760578553e-01
3.7399999999999998 6.309902176174414512e-01
3.7600000000000002 6.256284097216604501e-01
3.7800000000000002 6.400061122907008127e-01
3.8 6.265392436126520082e-01
3.8200000000000003 6.314314339733825276e-01
3.8400000000000007 6.250648204813666897e-01
3.8600000000000003 6.260050615272902963e-01
3.8800000000000003 6.238952725480579886e-01
3.9 6.196195750860880036e-01
3.9200000000000004 6.213372900183159464e-01
3.9400000000000004 6.138791217485543017e-01
3.96 6.052404883741679953e-01
3.9800000000000004 6.108474345982992659e-01
4.0 6.144953774423161930e-01
4.0200000000000005 6.025925871376468512e-01
4.040000000000001 6.136272670226883275e-01
4.0600000000000005 6.122386259776156914e-01
4.08 6.128841469602909209e-01
4.1 6.101217829906645518e-01
4.12 6.185156048749163027e-01
4.140000000000001 6.075505008734258805e-01
4.16 6.091140244093848910e-01
4.180000000000001 6.112376673770482105e-01
4.2 6.150436570683259774e-01
4.220000000000001 6.101015481163418741e-01
4.24 6.020955037491115824e-01
4.26 6.046648209143108410e-01
4.28 6.080338732167830385e-01
4.3 6.053530207282387110e-01
4.32 5.997771030403409309e-01
4.340000000000001 6.045177960741907608e-01
4.36 6.041424937793435923e-01
4.380000000000001 6.119243935471009310e-01
4.4 6.110505281666029909e-01
4.42 6.062691487184710404e-01
4.44 6.027861091478045052e-01
4.46 6.085839957954987112e-01
4.48 6.172307489056487739e-01
4.5 6.117276425621968050e-01
4.5200000000000005 6.077696442638691465e-01
4.540000000000001 6.137919868326087158e-01
4.5600000000000005 6.079332779338026960e-01
4.58 6.062295200597277445e-01
4.6 6.112335948479182823e-01
4.62 6.106253571163238192e-01
4.640000000000001 6.029799884576916291e-01
4.66 6.018171740999457286e-01
4.680000000000001 5.948155099134447843e-01
4.7 5.978934550692371896e-01
4.720000000000001 6.053231384676559523e-01
4.74 5.992229176398512491e-01
4.76 5.932239196667767889e-01
4.78 5.954454762448356808e-01
4.8 5.983848831211093788e-01
4.82 6.092020101600199578e-01
4.840000000000001 6.039574540852248319e-01
4.86 6.046405447449549886e-01
4.880000000000001 5.996501641413045647e-01
4.9 5.943657174549420441e-01
4.92 6.075936603682631221e-01
4.94 5.928522117146330928e-01
4.96 5.955879586706479545e-01
4.98 5.984770840926308955e-01
5.0 6.044289553164321482e-01
