 # t (ps), C(t)
   2.0000000000000000E-002   1.0000000000000000     
   4.0000000000000001E-002  0.93769037757757923     
   5.9999999999999998E-002  0.92920766715388814     
   8.0000000000000002E-002  0.93194752734820785     
  0.10000000000000001       0.92524755804194292     
  0.12000000000000000       0.92564439022290024     
  0.14000000000000001       0.91096045793398084     
  0.16000000000000000       0.90797183834118922     
  0.17999999999999999       0.89936129592280567     
  0.20000000000000001       0.89184010698154303     
  0.22000000000000000       0.89010733015323817     
  0.23999999999999999       0.88870202436718848     
  0.26000000000000001       0.88583340916243514     
  0.28000000000000003       0.87972499284060679     
  0.29999999999999999       0.87514581653245049     
  0.32000000000000001       0.86722067669368241     
  0.34000000000000002       0.86983466996999537     
  0.35999999999999999       0.86386436656100618     
  0.38000000000000000       0.86546916218731229     
  0.40000000000000002       0.85703867618765361     
  0.41999999999999998       0.85915962776656196     
  0.44000000000000000       0.85690739849630038     
  0.46000000000000002       0.85186857763024282     
  0.47999999999999998       0.85063819389651296     
  0.50000000000000000       0.84770447105545155     
  0.52000000000000002       0.84702886832104152     
  0.54000000000000004       0.85018875913909076     
  0.56000000000000005       0.84412770096473366     
  0.57999999999999996       0.83804792820121465     
  0.59999999999999998       0.83681616847249318     
  0.62000000000000000       0.84088037308893537     
  0.64000000000000001       0.83493460790720275     
  0.66000000000000003       0.83576390158102054     
  0.68000000000000005       0.83226378092009923     
  0.70000000000000007       0.83929327845572665     
  0.71999999999999997       0.83805852910436185     
  0.73999999999999999       0.83312201796845220     
  0.76000000000000001       0.83307271673882255     
  0.78000000000000003       0.83106991148384146     
  0.80000000000000004       0.82710206716671419     
  0.82000000000000006       0.83369750883027482     
  0.83999999999999997       0.82538874570779608     
  0.85999999999999999       0.82945011901716814     
  0.88000000000000000       0.82534934837601803     
  0.90000000000000002       0.82461186845506007     
  0.92000000000000004       0.82519868837113042     
  0.94000000000000006       0.81383533589147961     
  0.95999999999999996       0.81474815496161224     
  0.97999999999999998       0.81910608243874505     
   1.0000000000000000       0.81949082801141049     
   1.0200000000000000       0.81198661356026047     
   1.0400000000000000       0.81128104750274277     
   1.0600000000000001       0.81393959754779044     
   1.0800000000000001       0.81268732871454996     
   1.1000000000000001       0.79953203243763582     
   1.1200000000000001       0.80583087426264854     
   1.1400000000000001       0.80549945995640704     
   1.1599999999999999       0.79902355518709978     
   1.1799999999999999       0.80097830614595278     
   1.2000000000000000       0.80250504386836430     
   1.2200000000000000       0.79944513798932149     
   1.2400000000000000       0.79543078419310786     
   1.2600000000000000       0.80008015609774030     
   1.2800000000000000       0.79376630018556471     
   1.3000000000000000       0.79501206210815523     
   1.3200000000000001       0.80421016992704919     
   1.3400000000000001       0.79009246926030441     
   1.3600000000000001       0.78947730245372649     
   1.3800000000000001       0.78612308652796725     
   1.4000000000000001       0.78839575146614582     
   1.4199999999999999       0.78647650241840428     
   1.4399999999999999       0.78340932375935535     
   1.4600000000000000       0.78208721529918490     
   1.4800000000000000       0.77549221790821288     
   1.5000000000000000       0.77899998256831393     
   1.5200000000000000       0.78062180539241288     
   1.5400000000000000       0.77651605942105528     
   1.5600000000000001       0.77525467016585103     
   1.5800000000000001       0.77871547805003016     
   1.6000000000000001       0.76959853457638361     
   1.6200000000000001       0.76112769100355615     
   1.6400000000000001       0.76652134928251914     
   1.6600000000000001       0.76528721343006689     
   1.6799999999999999       0.76959130250389129     
   1.7000000000000000       0.76336637511125272     
   1.7200000000000000       0.75967197131079789     
   1.7400000000000000       0.75983055563890844     
   1.7600000000000000       0.75568079186845982     
   1.7800000000000000       0.75546543266359079     
   1.8000000000000000       0.75842949107282531     
   1.8200000000000001       0.75612478295537777     
   1.8400000000000001       0.76122285284705460     
   1.8600000000000001       0.75471042271590127     
   1.8800000000000001       0.75535018394523379     
   1.9000000000000001       0.75140245109369674     
   1.9199999999999999       0.75433626357897243     
   1.9399999999999999       0.74535610162557031     
   1.9600000000000000       0.74009345609234434     
   1.9800000000000000       0.73964020844897072     
   2.0000000000000000       0.74119442728344564     
   2.0200000000000000       0.75187277337410618     
   2.0400000000000000       0.74144693367140058     
   2.0600000000000001       0.73906195234480443     
   2.0800000000000001       0.74836551053511402     
   2.1000000000000001       0.74580907566031773     
   2.1200000000000001       0.74022390201472754     
   2.1400000000000001       0.74659663262326670     
   2.1600000000000001       0.75071064074393823     
   2.1800000000000002       0.74638702786312539     
   2.2000000000000002       0.74543296216858490     
   2.2200000000000002       0.74113602493900876     
   2.2400000000000002       0.74616798790832484     
   2.2600000000000002       0.73495048829510634     
   2.2800000000000002       0.73737681021683055     
   2.3000000000000003       0.74143508767522726     
   2.3199999999999998       0.73165195675708095     
   2.3399999999999999       0.73856471063246854     
   2.3599999999999999       0.73554771451088796     
   2.3799999999999999       0.73492312849180252     
   2.3999999999999999       0.74055048698962589     
   2.4199999999999999       0.73330864505018578     
   2.4399999999999999       0.72995156526834504     
   2.4600000000000000       0.73195539541315879     
   2.4800000000000000       0.72912370966253126     
   2.5000000000000000       0.72706243521197667     
   2.5200000000000000       0.72117374572799164     
   2.5400000000000000       0.73143342114457532     
   2.5600000000000001       0.73056991010184125     
   2.5800000000000001       0.71774446313569285     
   2.6000000000000001       0.71583338662677232     
   2.6200000000000001       0.72114734578226825     
   2.6400000000000001       0.71845753960113767     
   2.6600000000000001       0.71993713565248496     
   2.6800000000000002       0.72182719230223369     
   2.7000000000000002       0.70680435753271209     
   2.7200000000000002       0.71731536097260418     
   2.7400000000000002       0.71756988067614469     
   2.7600000000000002       0.71225202911817898     
   2.7800000000000002       0.71175166359541298     
   2.8000000000000003       0.70783843127566315     
   2.8199999999999998       0.70871118336752159     
   2.8399999999999999       0.71392754266281155     
   2.8599999999999999       0.70447822700001816     
   2.8799999999999999       0.70755186423511729     
   2.8999999999999999       0.70918112818714285     
   2.9199999999999999       0.70730193727391666     
   2.9399999999999999       0.70911771837754300     
   2.9600000000000000       0.70771559581303167     
   2.9800000000000000       0.70567651135972742     
   3.0000000000000000       0.69257069702225327     
   3.0200000000000000       0.70049123053628015     
   3.0400000000000000       0.69335533630751467     
   3.0600000000000001       0.69626759270773231     
   3.0800000000000001       0.69302749525042595     
   3.1000000000000001       0.69483287898080726     
   3.1200000000000001       0.70156563774955039     
   3.1400000000000001       0.69644024457805631     
   3.1600000000000001       0.69622064544585838     
   3.1800000000000002       0.69503559024082329     
   3.2000000000000002       0.69972132543091325     
   3.2200000000000002       0.69815893847237243     
   3.2400000000000002       0.69506977350711208     
   3.2600000000000002       0.69431898441169859     
   3.2800000000000002       0.68860285715638014     
   3.3000000000000003       0.69668975271607092     
   3.3200000000000003       0.69591586465177169     
   3.3399999999999999       0.68711942034598184     
   3.3599999999999999       0.69387827914615829     
   3.3799999999999999       0.69102475843264155     
   3.3999999999999999       0.69656914795456815     
   3.4199999999999999       0.69635180241948857     
   3.4399999999999999       0.69305779289688019     
   3.4600000000000000       0.69388344683066883     
   3.4800000000000000       0.68753508728082746     
   3.5000000000000000       0.68890856233981312     
   3.5200000000000000       0.69134502206934445     
   3.5400000000000000       0.69465391242994379     
   3.5600000000000001       0.69301570917738298     
   3.5800000000000001       0.68566509295658695     
   3.6000000000000001       0.67632969789401731     
   3.6200000000000001       0.68298732884133329     
   3.6400000000000001       0.67467844628630513     
   3.6600000000000001       0.67283163177883742     
   3.6800000000000002       0.67551921744731636     
   3.7000000000000002       0.67920946068261256     
   3.7200000000000002       0.67842789673997828     
   3.7400000000000002       0.67973740310814712     
   3.7600000000000002       0.68173835341545708     
   3.7800000000000002       0.68362430013956366     
   3.8000000000000003       0.68259218907391772     
   3.8200000000000003       0.68645077774620011     
   3.8399999999999999       0.68637553673367346     
   3.8599999999999999       0.66964520203629907     
   3.8799999999999999       0.67013533734353736     
   3.8999999999999999       0.67542017488261541     
   3.9199999999999999       0.67316744183405086     
   3.9399999999999999       0.67154311630171470     
   3.9600000000000000       0.67489638463863855     
   3.9800000000000000       0.67518892111264683     
   4.0000000000000000       0.67868276114957871     
   4.0200000000000005       0.67550486278691324     
   4.0400000000000000       0.68000718612098643     
   4.0600000000000005       0.67357375375068640     
   4.0800000000000001       0.67295594482751186     
   4.0999999999999996       0.66704204446821247     
   4.1200000000000001       0.67104080311479120     
   4.1399999999999997       0.67364727168190641     
   4.1600000000000001       0.66775594024413298     
   4.1799999999999997       0.66811172583018330     
   4.2000000000000002       0.67143541544145779     
   4.2199999999999998       0.67098143707985136     
   4.2400000000000002       0.67695693271963786     
   4.2599999999999998       0.66913452865640433     
   4.2800000000000002       0.67353773518042381     
   4.2999999999999998       0.66973567632590725     
   4.3200000000000003       0.66727817969814174     
   4.3399999999999999       0.67279719490574852     
   4.3600000000000003       0.67299071252372600     
   4.3799999999999999       0.67006407735286710     
   4.4000000000000004       0.66770204728379601     
   4.4199999999999999       0.68097216432322205     
   4.4400000000000004       0.67679812292374930     
   4.4600000000000000       0.67505712373659144     
   4.4800000000000004       0.67030343121010760     
   4.5000000000000000       0.66722888673126757     
   4.5200000000000005       0.66645331372525485     
   4.5400000000000000       0.66094634732240609     
   4.5600000000000005       0.66427278591791183     
   4.5800000000000001       0.66555908257130880     
   4.6000000000000005       0.66061090761443142     
   4.6200000000000001       0.65768827897188398     
   4.6399999999999997       0.65218391991374081     
   4.6600000000000001       0.65887700143924310     
   4.6799999999999997       0.65343523144398175     
   4.7000000000000002       0.66147491980888529     
   4.7199999999999998       0.65330492848298471     
   4.7400000000000002       0.64827414334357669     
   4.7599999999999998       0.65154143122831532     
   4.7800000000000002       0.65328693966616758     
   4.7999999999999998       0.65863836669459586     
   4.8200000000000003       0.65003303069981544     
   4.8399999999999999       0.65630651404181728     
   4.8600000000000003       0.65422289230884278     
   4.8799999999999999       0.65009913918234441     
   4.9000000000000004       0.64932658547124833     
   4.9199999999999999       0.64748767726148915     
   4.9400000000000004       0.63671654953567336     
   4.9600000000000000       0.64667155729266002     
   4.9800000000000004       0.63510521596523861     
   5.0000000000000000       0.65188842998689456     
   5.0200000000000005       0.64261403719684762     
   5.0400000000000000       0.64794408840215645     
   5.0600000000000005       0.64993750002407003     
   5.0800000000000001       0.65077978508704326     
   5.1000000000000005       0.64952718334665516     
   5.1200000000000001       0.64147358517429542     
   5.1399999999999997       0.64530522364911658     
   5.1600000000000001       0.64376633622280022     
   5.1799999999999997       0.63708150219206860     
   5.2000000000000002       0.64576629604391622     
   5.2199999999999998       0.63506340277808215     
   5.2400000000000002       0.63061672204142338     
   5.2599999999999998       0.65003254657294218     
   5.2800000000000002       0.63613384247426286     
   5.2999999999999998       0.64156069215405676     
   5.3200000000000003       0.63782501509846345     
   5.3399999999999999       0.64123379607792896     
   5.3600000000000003       0.64681522614341369     
   5.3799999999999999       0.63620192576413415     
   5.4000000000000004       0.63442711646302752     
   5.4199999999999999       0.62637336954338918     
   5.4400000000000004       0.62531774340937396     
   5.4600000000000000       0.63402379868763070     
   5.4800000000000004       0.63289174245225976     
   5.5000000000000000       0.63792468792196788     
   5.5200000000000005       0.63325898750762311     
   5.5400000000000000       0.63066695315284782     
   5.5600000000000005       0.62123047781370189     
   5.5800000000000001       0.63444496746572243     
   5.6000000000000005       0.63040047100408747     
   5.6200000000000001       0.62728913289896571     
   5.6399999999999997       0.63293941493659145     
   5.6600000000000001       0.63401049705103862     
   5.6799999999999997       0.62778030640899951     
   5.7000000000000002       0.62909640184720705     
   5.7199999999999998       0.62719005652777104     
   5.7400000000000002       0.63448561028143780     
   5.7599999999999998       0.63812546365987377     
   5.7800000000000002       0.63763432666542663     
   5.7999999999999998       0.64211591783758637     
   5.8200000000000003       0.63477158259970967     
   5.8399999999999999       0.64481366268598306     
   5.8600000000000003       0.63283492042174339     
   5.8799999999999999       0.63325326430102979     
   5.9000000000000004       0.63717242310048949     
   5.9199999999999999       0.63423577061062597     
   5.9400000000000004       0.63676222454072684     
   5.9600000000000000       0.63010997744022856     
   5.9800000000000004       0.63029467929652394     
   6.0000000000000000       0.63240882500935791     
   6.0200000000000005       0.63420618525701344     
   6.0400000000000000       0.62335567096716349     
   6.0600000000000005       0.62608153873456995     
   6.0800000000000001       0.63846749749241449     
   6.1000000000000005       0.63621674999037370     
   6.1200000000000001       0.62913742834496578     
   6.1400000000000006       0.62331822666348635     
   6.1600000000000001       0.62387237048771849     
   6.1799999999999997       0.62368424387915045     
   6.2000000000000002       0.62236742835877445     
   6.2199999999999998       0.62043021934623754     
   6.2400000000000002       0.62462523643349144     
   6.2599999999999998       0.62393232569517043     
   6.2800000000000002       0.62503032677437098     
   6.2999999999999998       0.61694420365519309     
   6.3200000000000003       0.62216453554906348     
   6.3399999999999999       0.61650542613342874     
   6.3600000000000003       0.61948209331814696     
   6.3799999999999999       0.61201474692899904     
   6.4000000000000004       0.61837732422570524     
   6.4199999999999999       0.60813170711763331     
   6.4400000000000004       0.60575282942281172     
   6.4600000000000000       0.61966309528411567     
   6.4800000000000004       0.61664843510808864     
   6.5000000000000000       0.60786971048979654     
   6.5200000000000005       0.61502773255268250     
   6.5400000000000000       0.60878944528465373     
   6.5600000000000005       0.61185072771199689     
   6.5800000000000001       0.61257841336967289     
   6.6000000000000005       0.60369397571860817     
   6.6200000000000001       0.59888928786392315     
   6.6400000000000006       0.60005739735359909     
   6.6600000000000001       0.60302191699598207     
   6.6799999999999997       0.60039520619082609     
   6.7000000000000002       0.59774681363866300     
   6.7199999999999998       0.60489572299885708     
   6.7400000000000002       0.60575485952497299     
   6.7599999999999998       0.61249549328593778     
   6.7800000000000002       0.61322436969410521     
   6.7999999999999998       0.60251568521168120     
   6.8200000000000003       0.61011970804553883     
   6.8399999999999999       0.61265185609726192     
   6.8600000000000003       0.61295970676439859     
   6.8799999999999999       0.60686211458223083     
   6.9000000000000004       0.60550576445210691     
   6.9199999999999999       0.60397904421046045     
   6.9400000000000004       0.60987382350972075     
   6.9600000000000000       0.60992882276017846     
   6.9800000000000004       0.60119013271552790     
   7.0000000000000000       0.60782105648816420     
   7.0200000000000005       0.60930283181310285     
   7.0400000000000000       0.60249712527476607     
   7.0600000000000005       0.60743342642238640     
   7.0800000000000001       0.60802609899370641     
   7.1000000000000005       0.60477731032056237     
   7.1200000000000001       0.59481885856283834     
   7.1400000000000006       0.60781228388403696     
   7.1600000000000001       0.60251071146187929     
   7.1799999999999997       0.60604082757624633     
   7.2000000000000002       0.60829777182697575     
   7.2199999999999998       0.59978365266124756     
   7.2400000000000002       0.59079947686118328     
   7.2599999999999998       0.59542752286610834     
   7.2800000000000002       0.59479140893673177     
   7.2999999999999998       0.59421514966680922     
   7.3200000000000003       0.59062767953531703     
   7.3399999999999999       0.60099043160646493     
   7.3600000000000003       0.59691908847330311     
   7.3799999999999999       0.59441354639126476     
   7.4000000000000004       0.58665484209967156     
   7.4199999999999999       0.59279760448084806     
   7.4400000000000004       0.58727662609390052     
   7.4600000000000000       0.58860373626933782     
   7.4800000000000004       0.58628948937474401     
   7.5000000000000000       0.58519242865509857     
   7.5200000000000005       0.58041448365157267     
   7.5400000000000000       0.57270175167147452     
   7.5600000000000005       0.57556052119936252     
   7.5800000000000001       0.57590892208313615     
   7.6000000000000005       0.58053863908692382     
   7.6200000000000001       0.58507963191714107     
   7.6400000000000006       0.57892010594599685     
   7.6600000000000001       0.58154206334268932     
   7.6799999999999997       0.58339233202325325     
   7.7000000000000002       0.58621473534667745     
   7.7199999999999998       0.57664285047835440     
   7.7400000000000002       0.58245845574544131     
   7.7599999999999998       0.58706330953816788     
   7.7800000000000002       0.58773762399314877     
   7.7999999999999998       0.58478494187611152     
   7.8200000000000003       0.58282679463471254     
   7.8399999999999999       0.58782807118753300     
   7.8600000000000003       0.58018658022815128     
   7.8799999999999999       0.58189922190738774     
   7.9000000000000004       0.58613832414694544     
   7.9199999999999999       0.58225271270711954     
   7.9400000000000004       0.57998479626372113     
   7.9600000000000000       0.58175638024239174     
   7.9800000000000004       0.57614275997114217     
   8.0000000000000000       0.58266177906241068     
   8.0199999999999996       0.58121972213980566     
   8.0400000000000009       0.58667976205664696     
   8.0600000000000005       0.58723371535253444     
   8.0800000000000001       0.59530814923003594     
   8.0999999999999996       0.59019087492007483     
   8.1200000000000010       0.58334808017527995     
   8.1400000000000006       0.58952337314443415     
   8.1600000000000001       0.57924308022381088     
   8.1799999999999997       0.58439786769840796     
   8.1999999999999993       0.58463727018025935     
   8.2200000000000006       0.59343467194163757     
   8.2400000000000002       0.58376445040096936     
   8.2599999999999998       0.57854244539803079     
   8.2799999999999994       0.58151260855387499     
   8.3000000000000007       0.57973759959612248     
   8.3200000000000003       0.58239894264761682     
   8.3399999999999999       0.57985560129627245     
   8.3599999999999994       0.57987985449957624     
   8.3800000000000008       0.58244973720581061     
   8.4000000000000004       0.58559702581144224     
   8.4199999999999999       0.57797923458267675     
   8.4399999999999995       0.57115362354397126     
   8.4600000000000009       0.57805780910794025     
   8.4800000000000004       0.58369526551801609     
   8.5000000000000000       0.57921204560544448     
   8.5199999999999996       0.57651913779257935     
   8.5400000000000009       0.57309101859367484     
   8.5600000000000005       0.57570848078599957     
   8.5800000000000001       0.57791233745905213     
   8.5999999999999996       0.58201902297135566     
   8.6200000000000010       0.57404703807073953     
   8.6400000000000006       0.56639835418208451     
   8.6600000000000001       0.57383314473299085     
   8.6799999999999997       0.57413563099040865     
   8.7000000000000011       0.57737680765614008     
   8.7200000000000006       0.57096870825917379     
   8.7400000000000002       0.56328386025571109     
   8.7599999999999998       0.56486798042530995     
   8.7799999999999994       0.56169917373933287     
   8.8000000000000007       0.56702041330176867     
   8.8200000000000003       0.56625313376251185     
   8.8399999999999999       0.56531291068086909     
   8.8599999999999994       0.56430875672385750     
   8.8800000000000008       0.56496691357058837     
   8.9000000000000004       0.56392171118040058     
   8.9199999999999999       0.55753864847157208     
   8.9399999999999995       0.56039691647333445     
   8.9600000000000009       0.56341155118836039     
   8.9800000000000004       0.56595099411857563     
   9.0000000000000000       0.57721021811539441     
   9.0199999999999996       0.57461894663067714     
   9.0400000000000009       0.56350484997500183     
   9.0600000000000005       0.57406449980559293     
   9.0800000000000001       0.57427475934975802     
   9.0999999999999996       0.57782400284035329     
   9.1200000000000010       0.56919589962338957     
   9.1400000000000006       0.56797516804229164     
   9.1600000000000001       0.56980654016879306     
   9.1799999999999997       0.56568978664088510     
   9.2000000000000011       0.57132005467168701     
   9.2200000000000006       0.56572107826670492     
   9.2400000000000002       0.56991949358616079     
   9.2599999999999998       0.57606866478693308     
   9.2799999999999994       0.57424196474496081     
   9.3000000000000007       0.56404619192924610     
   9.3200000000000003       0.57255406196189651     
   9.3399999999999999       0.57122597543746945     
   9.3599999999999994       0.57023926457710528     
   9.3800000000000008       0.56521114230903213     
   9.4000000000000004       0.56606661738900532     
   9.4199999999999999       0.57137789387809435     
   9.4399999999999995       0.57076258080992226     
   9.4600000000000009       0.55619492156035011     
   9.4800000000000004       0.55621642734287480     
   9.5000000000000000       0.55620764588180638     
   9.5199999999999996       0.56309660787486937     
   9.5400000000000009       0.56432571426838951     
   9.5600000000000005       0.57076467739408432     
   9.5800000000000001       0.56070523654086712     
   9.5999999999999996       0.56262473137056579     
   9.6200000000000010       0.56084833205700702     
   9.6400000000000006       0.56219156647290236     
   9.6600000000000001       0.56575393282378994     
   9.6799999999999997       0.56119152940277606     
   9.7000000000000011       0.55576496428281363     
   9.7200000000000006       0.55181663283128157     
   9.7400000000000002       0.54921676736343339     
   9.7599999999999998       0.55118661815200343     
   9.7799999999999994       0.55695379220151087     
   9.8000000000000007       0.55653647741683965     
   9.8200000000000003       0.55744808042846128     
   9.8399999999999999       0.55192057983695297     
   9.8599999999999994       0.56051975442726931     
   9.8800000000000008       0.55157447342952148     
   9.9000000000000004       0.55389487198925469     
   9.9199999999999999       0.54698620375525553     
   9.9399999999999995       0.54600358665182613     
   9.9600000000000009       0.55137412360796723     
   9.9800000000000004       0.55669143485279893     
   10.000000000000000       0.54416303327991555     
