 # t (ps), C(t)
   2.0000000000000000E-002   1.0000000000000000     
   4.0000000000000001E-002  0.93712361139484035     
   5.9999999999999998E-002  0.90213598614993928     
   8.0000000000000002E-002  0.90374324930649641     
  0.10000000000000001       0.89962148786646945     
  0.12000000000000000       0.88962424196522094     
  0.14000000000000001       0.87841790695369470     
  0.16000000000000000       0.86980778475563858     
  0.17999999999999999       0.86733452183649651     
  0.20000000000000001       0.86323482117471584     
  0.22000000000000000       0.85411703508619474     
  0.23999999999999999       0.84379771967042672     
  0.26000000000000001       0.83900389704366385     
  0.28000000000000003       0.83615162634077700     
  0.29999999999999999       0.83030457031865978     
  0.32000000000000001       0.83122257112769438     
  0.34000000000000002       0.82201074282333630     
  0.35999999999999999       0.80919884353531157     
  0.38000000000000000       0.80149007177490084     
  0.40000000000000002       0.80051040496484716     
  0.41999999999999998       0.79896818152398696     
  0.44000000000000000       0.79555477096491933     
  0.46000000000000002       0.80261590661807769     
  0.47999999999999998       0.79867700287539756     
  0.50000000000000000       0.78534409232925984     
  0.52000000000000002       0.77952759028567742     
  0.54000000000000004       0.76178277092611146     
  0.56000000000000005       0.75985969573710266     
  0.57999999999999996       0.75962295963983295     
  0.59999999999999998       0.75972023070004457     
  0.62000000000000000       0.76040057761341118     
  0.64000000000000001       0.75421507922419762     
  0.66000000000000003       0.75517130118246456     
  0.68000000000000005       0.74758745141518357     
  0.70000000000000007       0.73282784560884640     
  0.71999999999999997       0.72765778762083566     
  0.73999999999999999       0.72603461151215321     
  0.76000000000000001       0.72064462499618864     
  0.78000000000000003       0.72252094545319301     
  0.80000000000000004       0.71473557888749895     
  0.82000000000000006       0.71663012573420759     
  0.83999999999999997       0.71918084900888046     
  0.85999999999999999       0.71516039356740790     
  0.88000000000000000       0.70825067926178209     
  0.90000000000000002       0.70795857722791933     
  0.92000000000000004       0.70457864337687937     
  0.94000000000000006       0.70615322754771381     
  0.95999999999999996       0.70313986229004299     
  0.97999999999999998       0.69972396595964836     
   1.0000000000000000       0.69659341819312870     
   1.0200000000000000       0.68437841207557404     
   1.0400000000000000       0.68438487074482379     
   1.0600000000000001       0.68298509971586974     
   1.0800000000000001       0.66535416793007685     
   1.1000000000000001       0.67356531227199590     
   1.1200000000000001       0.65218596380724969     
   1.1400000000000001       0.65829435407499426     
   1.1599999999999999       0.65529784972161120     
   1.1799999999999999       0.65260007397508102     
   1.2000000000000000       0.64771438723560715     
   1.2200000000000000       0.64325927292618590     
   1.2400000000000000       0.62950707150618057     
   1.2600000000000000       0.63175055438762895     
   1.2800000000000000       0.63117208378941925     
   1.3000000000000000       0.63236832941057053     
   1.3200000000000001       0.62185305051216677     
   1.3400000000000001       0.62852166042798174     
   1.3600000000000001       0.63422177859963891     
   1.3800000000000001       0.62691072824901184     
   1.4000000000000001       0.62566070832738030     
   1.4199999999999999       0.62868374331342070     
   1.4399999999999999       0.62410823242861013     
   1.4600000000000000       0.61428922353020732     
   1.4800000000000000       0.60052777048874850     
   1.5000000000000000       0.60671742627603020     
   1.5200000000000000       0.60244167567934181     
   1.5400000000000000       0.59651786536352602     
   1.5600000000000001       0.60383908980025702     
   1.5800000000000001       0.58345946978488139     
   1.6000000000000001       0.58039189228280286     
   1.6200000000000001       0.59722836804711632     
   1.6400000000000001       0.59658987231605720     
   1.6600000000000001       0.58597826048612933     
   1.6799999999999999       0.58403781031088153     
   1.7000000000000000       0.59993104770960048     
   1.7200000000000000       0.59401535029619124     
   1.7400000000000000       0.58649920809684541     
   1.7600000000000000       0.58183577955519383     
   1.7800000000000000       0.57576627842858785     
   1.8000000000000000       0.57957908956053039     
   1.8200000000000001       0.58407934167901443     
   1.8400000000000001       0.57367623797045930     
   1.8600000000000001       0.58236789782959364     
   1.8800000000000001       0.57731093134409428     
   1.9000000000000001       0.57613684340397142     
   1.9199999999999999       0.57192802890134653     
   1.9399999999999999       0.56516510895324790     
   1.9600000000000000       0.56855743106587586     
   1.9800000000000000       0.57213150518829836     
   2.0000000000000000       0.55075242485751930     
   2.0200000000000000       0.55315196764613139     
   2.0400000000000000       0.55309609683316385     
   2.0600000000000001       0.55201434961118345     
   2.0800000000000001       0.56069084481465270     
   2.1000000000000001       0.56230689853591886     
   2.1200000000000001       0.55185564513265051     
   2.1400000000000001       0.54110790120405250     
   2.1600000000000001       0.53635491853025352     
   2.1800000000000002       0.54677406894864788     
   2.2000000000000002       0.55053776123258058     
   2.2200000000000002       0.52357371142348641     
   2.2400000000000002       0.51756556241473883     
   2.2600000000000002       0.52848566364591820     
   2.2800000000000002       0.52185251077600581     
   2.3000000000000003       0.51662601262516117     
   2.3199999999999998       0.52429430215791339     
   2.3399999999999999       0.54066130860735584     
   2.3599999999999999       0.51933454281768909     
   2.3799999999999999       0.52129975834411235     
   2.3999999999999999       0.51928894054132224     
   2.4199999999999999       0.51371772070322008     
   2.4399999999999999       0.50669092698469564     
   2.4600000000000000       0.52560750876961349     
   2.4800000000000000       0.51633860920513741     
   2.5000000000000000       0.50735288906551390     
   2.5200000000000000       0.49224141587344938     
   2.5400000000000000       0.51167054727328176     
   2.5600000000000001       0.50460916637446529     
   2.5800000000000001       0.49833737445373377     
   2.6000000000000001       0.46794918778471528     
   2.6200000000000001       0.46922571479258240     
   2.6400000000000001       0.48351066491209649     
   2.6600000000000001       0.47706840517455423     
   2.6800000000000002       0.47046787685666369     
   2.7000000000000002       0.48838050324967491     
   2.7200000000000002       0.46520162337628645     
   2.7400000000000002       0.47014832680619012     
   2.7600000000000002       0.47330402006461508     
   2.7800000000000002       0.45521979057463574     
   2.8000000000000003       0.44318067152332591     
   2.8199999999999998       0.43844366275807467     
   2.8399999999999999       0.45428757243677709     
   2.8599999999999999       0.46068817030963899     
   2.8799999999999999       0.46648514163830190     
   2.8999999999999999       0.45741656988416124     
   2.9199999999999999       0.46513242446110281     
   2.9399999999999999       0.45961123390231090     
   2.9600000000000000       0.43542845662872026     
   2.9800000000000000       0.44357200118832535     
   3.0000000000000000       0.44948099270154107     
   3.0200000000000000       0.45009036662523599     
   3.0400000000000000       0.46167376339614496     
   3.0600000000000001       0.45863513002854833     
   3.0800000000000001       0.44453557145376826     
   3.1000000000000001       0.44701054270658397     
   3.1200000000000001       0.43917958306553617     
   3.1400000000000001       0.44400306020333785     
   3.1600000000000001       0.44815463936693828     
   3.1800000000000002       0.44329962951536278     
   3.2000000000000002       0.44499184881662524     
   3.2200000000000002       0.44193693832153980     
   3.2400000000000002       0.44549761709348917     
   3.2600000000000002       0.43658995623072372     
   3.2800000000000002       0.42817814404857507     
   3.3000000000000003       0.42386364243673513     
   3.3200000000000003       0.42536589224083254     
   3.3399999999999999       0.43712591156856778     
   3.3599999999999999       0.43705794165211920     
   3.3799999999999999       0.42258941236025721     
   3.3999999999999999       0.42346484217834041     
   3.4199999999999999       0.42800881168419741     
   3.4399999999999999       0.42242720341049100     
   3.4600000000000000       0.41187390834456183     
   3.4800000000000000       0.41350470553986562     
   3.5000000000000000       0.42749572834440269     
   3.5200000000000000       0.41121227159067220     
   3.5400000000000000       0.40459350369166341     
   3.5600000000000001       0.41237641819530879     
   3.5800000000000001       0.40470848840176993     
   3.6000000000000001       0.40812681762609127     
   3.6200000000000001       0.41356550962430377     
   3.6400000000000001       0.41083592700438964     
   3.6600000000000001       0.40400063476755510     
   3.6800000000000002       0.43093581347729110     
   3.7000000000000002       0.42014001087295355     
   3.7200000000000002       0.39690347295044048     
   3.7400000000000002       0.40045299622054109     
   3.7600000000000002       0.41229646833338307     
   3.7800000000000002       0.39553360779834046     
   3.8000000000000003       0.39711476021867975     
   3.8200000000000003       0.39902966992905731     
   3.8399999999999999       0.38616711255280001     
   3.8599999999999999       0.38200843125827427     
   3.8799999999999999       0.37154682822153640     
   3.8999999999999999       0.38230741844752675     
   3.9199999999999999       0.38116639761595572     
   3.9399999999999999       0.38120676765330025     
   3.9600000000000000       0.38205162593465491     
   3.9800000000000000       0.37858264794772079     
   4.0000000000000000       0.38034789527200280     
   4.0200000000000005       0.37395674918203331     
   4.0400000000000000       0.38251442473571523     
   4.0600000000000005       0.38090405694449397     
   4.0800000000000001       0.38735083941168019     
   4.0999999999999996       0.37803091418532642     
   4.1200000000000001       0.38006320008842021     
   4.1399999999999997       0.37553703408725209     
   4.1600000000000001       0.35312425483382126     
   4.1799999999999997       0.37179772257254529     
   4.2000000000000002       0.35833545883815493     
   4.2199999999999998       0.36611635171903462     
   4.2400000000000002       0.36532471459571786     
   4.2599999999999998       0.36989289323530694     
   4.2800000000000002       0.35988990678416155     
   4.2999999999999998       0.35039820459519971     
   4.3200000000000003       0.36040305832751368     
   4.3399999999999999       0.35590011982873432     
   4.3600000000000003       0.36188590843451907     
   4.3799999999999999       0.34100685789194124     
   4.4000000000000004       0.33304996934360953     
   4.4199999999999999       0.33775264986753911     
   4.4400000000000004       0.34211332718268128     
   4.4600000000000000       0.34129223652435875     
   4.4800000000000004       0.33489073818715265     
   4.5000000000000000       0.34333288803868406     
   4.5200000000000005       0.33892497346650385     
   4.5400000000000000       0.34465948782458411     
   4.5600000000000005       0.33015669610619758     
   4.5800000000000001       0.32621324410720887     
   4.6000000000000005       0.33003111360469856     
   4.6200000000000001       0.31863668843668719     
   4.6399999999999997       0.33646323440976622     
   4.6600000000000001       0.32709127703234314     
   4.6799999999999997       0.32079555548916833     
   4.7000000000000002       0.32713791901965267     
   4.7199999999999998       0.30845074362776315     
   4.7400000000000002       0.29529690806423781     
   4.7599999999999998       0.29354122363732499     
   4.7800000000000002       0.31817746611267073     
   4.7999999999999998       0.30788728314689506     
   4.8200000000000003       0.30129205827948630     
   4.8399999999999999       0.29257165894105097     
   4.8600000000000003       0.30257060311512701     
   4.8799999999999999       0.30569745437038348     
   4.9000000000000004       0.30673150881842826     
   4.9199999999999999       0.30071399497197532     
   4.9400000000000004       0.29620805359180419     
   4.9600000000000000       0.29487094701205829     
   4.9800000000000004       0.26840134866491328     
   5.0000000000000000       0.27724327062082360     
   5.0200000000000005       0.29287120399341804     
   5.0400000000000000       0.28184911265879786     
   5.0600000000000005       0.28488095424992527     
   5.0800000000000001       0.30114986001666688     
   5.1000000000000005       0.29538284099413059     
   5.1200000000000001       0.30540958935495999     
   5.1399999999999997       0.28471100816807954     
   5.1600000000000001       0.28159287617807605     
   5.1799999999999997       0.29215568350094184     
   5.2000000000000002       0.29170250922332475     
   5.2199999999999998       0.28899027536444249     
   5.2400000000000002       0.30001604931677500     
   5.2599999999999998       0.30809076738792657     
   5.2800000000000002       0.30025381807210622     
   5.2999999999999998       0.29459375271999261     
   5.3200000000000003       0.30233623157677714     
   5.3399999999999999       0.30000761668038467     
   5.3600000000000003       0.29790218011851416     
   5.3799999999999999       0.29113488307427554     
   5.4000000000000004       0.28750103583354747     
   5.4199999999999999       0.28138592785602079     
   5.4400000000000004       0.29995044044660596     
   5.4600000000000000       0.29001170485614680     
   5.4800000000000004       0.26930499044137757     
   5.5000000000000000       0.27786468836422840     
   5.5200000000000005       0.28118867313415080     
   5.5400000000000000       0.26250883537077269     
   5.5600000000000005       0.28210377480588672     
   5.5800000000000001       0.28920792032923309     
   5.6000000000000005       0.28516909387323036     
   5.6200000000000001       0.28116923273561273     
   5.6399999999999997       0.28768543394947554     
   5.6600000000000001       0.28451864064330756     
   5.6799999999999997       0.27739364636646630     
   5.7000000000000002       0.27007608008249251     
   5.7199999999999998       0.27939189053102514     
   5.7400000000000002       0.27676424992016263     
   5.7599999999999998       0.25030979458193858     
   5.7800000000000002       0.25317524325132806     
   5.7999999999999998       0.25266003966779627     
   5.8200000000000003       0.27155562396154059     
   5.8399999999999999       0.25945585581454872     
   5.8600000000000003       0.24844692145879954     
   5.8799999999999999       0.26071997421096693     
   5.9000000000000004       0.27899741807121281     
   5.9199999999999999       0.25079275590681949     
   5.9400000000000004       0.25170955697293290     
   5.9600000000000000       0.28282588823378152     
   5.9800000000000004       0.27598182108381569     
   6.0000000000000000       0.26085019799454268     
   6.0200000000000005       0.26367598971294515     
   6.0400000000000000       0.27056447791232707     
   6.0600000000000005       0.27310342039692592     
   6.0800000000000001       0.27053470270091901     
   6.1000000000000005       0.27417931642592241     
   6.1200000000000001       0.25971672774759436     
   6.1400000000000006       0.27017136892049043     
   6.1600000000000001       0.26187235029139477     
   6.1799999999999997       0.24886233336556396     
   6.2000000000000002       0.25887802610319732     
   6.2199999999999998       0.26378861799971287     
   6.2400000000000002       0.25460454909621644     
   6.2599999999999998       0.25139275599067668     
   6.2800000000000002       0.24165485284462379     
   6.2999999999999998       0.23936182990543670     
   6.3200000000000003       0.24732457031414876     
   6.3399999999999999       0.22283437584022675     
   6.3600000000000003       0.23515106217820458     
   6.3799999999999999       0.23342275419722891     
   6.4000000000000004       0.23307674878660795     
   6.4199999999999999       0.22551110898376966     
   6.4400000000000004       0.23676165225967291     
   6.4600000000000000       0.22090762933981706     
   6.4800000000000004       0.21572364085785306     
   6.5000000000000000       0.23514383520816462     
   6.5200000000000005       0.22642273769145790     
   6.5400000000000000       0.23503005028490817     
   6.5600000000000005       0.23418814777809405     
   6.5800000000000001       0.21711842350941468     
   6.6000000000000005       0.22738178197715284     
   6.6200000000000001       0.24562212578453760     
   6.6400000000000006       0.23141482235151462     
   6.6600000000000001       0.22306899143143111     
   6.6799999999999997       0.22365533164716428     
   6.7000000000000002       0.22610242694856161     
   6.7199999999999998       0.22724509437398530     
   6.7400000000000002       0.23007573116998814     
   6.7599999999999998       0.22714823993778091     
   6.7800000000000002       0.22619766444716916     
   6.7999999999999998       0.22572244929243340     
   6.8200000000000003       0.21092715690888339     
   6.8399999999999999       0.23386712380240096     
   6.8600000000000003       0.23733207945529303     
   6.8799999999999999       0.23347310438157673     
   6.9000000000000004       0.22699508442989016     
   6.9199999999999999       0.21816638058173213     
   6.9400000000000004       0.23154230551473420     
   6.9600000000000000       0.22660008962882397     
   6.9800000000000004       0.22758310103030521     
   7.0000000000000000       0.24236499482095017     
   7.0200000000000005       0.23826283961275699     
   7.0400000000000000       0.23690304616747701     
   7.0600000000000005       0.23641669020220857     
   7.0800000000000001       0.23716092326270327     
   7.1000000000000005       0.24028510671543182     
   7.1200000000000001       0.21215949134326245     
   7.1400000000000006       0.21745128833993405     
   7.1600000000000001       0.22523821849818504     
   7.1799999999999997       0.23407183406039650     
   7.2000000000000002       0.20301452501467460     
   7.2199999999999998       0.20137790982050260     
   7.2400000000000002       0.21874481322559380     
   7.2599999999999998       0.22918555938513424     
   7.2800000000000002       0.22009979657712034     
   7.2999999999999998       0.23749545713126241     
   7.3200000000000003       0.23986643111575784     
   7.3399999999999999       0.23094627560985306     
   7.3600000000000003       0.20440971378522410     
   7.3799999999999999       0.22341273429293540     
   7.4000000000000004       0.23340134512610494     
   7.4199999999999999       0.22761512233209591     
   7.4400000000000004       0.22861355485095092     
   7.4600000000000000       0.22705173657196720     
   7.4800000000000004       0.21680614788385200     
   7.5000000000000000       0.21322709174319193     
   7.5200000000000005       0.23250056095561600     
   7.5400000000000000       0.22813076000250107     
   7.5600000000000005       0.22764645188595919     
   7.5800000000000001       0.21769504306477827     
   7.6000000000000005       0.22174874126569832     
   7.6200000000000001       0.20557739247137882     
   7.6400000000000006       0.20857422306456949     
   7.6600000000000001       0.22135828073273900     
   7.6799999999999997       0.22260785282895407     
   7.7000000000000002       0.20674723918645779     
   7.7199999999999998       0.22159103357219684     
   7.7400000000000002       0.22236372995047962     
   7.7599999999999998       0.22564861201928857     
   7.7800000000000002       0.21555754090543597     
   7.7999999999999998       0.21574256703414241     
   7.8200000000000003       0.21750972990498105     
   7.8399999999999999       0.21236518084391809     
   7.8600000000000003       0.20293071182673378     
   7.8799999999999999       0.20171454743147385     
   7.9000000000000004       0.20954760690232488     
   7.9199999999999999       0.21099399703461610     
   7.9400000000000004       0.21277409377157111     
   7.9600000000000000       0.20647321342436339     
   7.9800000000000004       0.20836016197364118     
   8.0000000000000000       0.19210763695028907     
   8.0199999999999996       0.19892683112881157     
   8.0400000000000009       0.18732610728704763     
   8.0600000000000005       0.20841587283839266     
   8.0800000000000001       0.19265574960295301     
   8.0999999999999996       0.18794548802950037     
   8.1200000000000010       0.20018397813790437     
   8.1400000000000006       0.20246294546544491     
   8.1600000000000001       0.19097516868953121     
   8.1799999999999997       0.19911803188862354     
   8.1999999999999993       0.19318079367690891     
   8.2200000000000006       0.19429244058043649     
   8.2400000000000002       0.19237467664866009     
   8.2599999999999998       0.20771075614064990     
   8.2799999999999994       0.19203806227092043     
   8.3000000000000007       0.20371020752001237     
   8.3200000000000003       0.19055288403488141     
   8.3399999999999999       0.19325728234639444     
   8.3599999999999994       0.19284438764905840     
   8.3800000000000008       0.19007078737425628     
   8.4000000000000004       0.18795060388153015     
   8.4199999999999999       0.18234832498570328     
   8.4399999999999995       0.19458392855586809     
   8.4600000000000009       0.17830451194163940     
   8.4800000000000004       0.17903459449060155     
   8.5000000000000000       0.18047356044506610     
   8.5199999999999996       0.18310654871855442     
   8.5400000000000009       0.19253227948381280     
   8.5600000000000005       0.19323515396409566     
   8.5800000000000001       0.19374260314941044     
   8.5999999999999996       0.20481443162772844     
   8.6200000000000010       0.17895258073398834     
   8.6400000000000006       0.18359764183708668     
   8.6600000000000001       0.19947946417921311     
   8.6799999999999997       0.19716165874720401     
   8.7000000000000011       0.19865686197092711     
   8.7200000000000006       0.20592105112047682     
   8.7400000000000002       0.21053297985964567     
   8.7599999999999998       0.19217253046858368     
   8.7799999999999994       0.19138127385675929     
   8.8000000000000007       0.20746092600490665     
   8.8200000000000003       0.20597130595925492     
   8.8399999999999999       0.21424536516147241     
   8.8599999999999994       0.20090775595538313     
   8.8800000000000008       0.21058959022971041     
   8.9000000000000004       0.20522026761772405     
   8.9199999999999999       0.20406790526271593     
   8.9399999999999995       0.20302036699364487     
   8.9600000000000009       0.19128325851341760     
   8.9800000000000004       0.18352490884842926     
   9.0000000000000000       0.19080342086038296     
   9.0199999999999996       0.18938366167197423     
   9.0400000000000009       0.17732778000227400     
   9.0600000000000005       0.19379067720251419     
   9.0800000000000001       0.17034969355471374     
   9.0999999999999996       0.16898507117359568     
   9.1200000000000010       0.17384677208757116     
   9.1400000000000006       0.17542327188601778     
   9.1600000000000001       0.16165462445177584     
   9.1799999999999997       0.17577361783374304     
   9.2000000000000011       0.16109735077325166     
   9.2200000000000006       0.17812479359979927     
   9.2400000000000002       0.17402833533015896     
   9.2599999999999998       0.17568374778072637     
   9.2799999999999994       0.17114840514667068     
   9.3000000000000007       0.17433202719740690     
   9.3200000000000003       0.17247157787936371     
   9.3399999999999999       0.17256233142434652     
   9.3599999999999994       0.17324259801225428     
   9.3800000000000008       0.17071774278667626     
   9.4000000000000004       0.16259984641863182     
   9.4199999999999999       0.15732885582827566     
   9.4399999999999995       0.16531189713138744     
   9.4600000000000009       0.17543341829025108     
   9.4800000000000004       0.16555027355590965     
   9.5000000000000000       0.15573455069188685     
   9.5199999999999996       0.17556877767003845     
   9.5400000000000009       0.16367672770757319     
   9.5600000000000005       0.16291287118115011     
   9.5800000000000001       0.16808564737995652     
   9.5999999999999996       0.16568682664605397     
   9.6200000000000010       0.16315022978665669     
   9.6400000000000006       0.16742370195861619     
   9.6600000000000001       0.15358146941691714     
   9.6799999999999997       0.14734689666519088     
   9.7000000000000011       0.16437964017191134     
   9.7200000000000006       0.14947612374353275     
   9.7400000000000002       0.14280587209117013     
   9.7599999999999998       0.12936413586009229     
   9.7799999999999994       0.14088893291720173     
   9.8000000000000007       0.14072047318998429     
   9.8200000000000003       0.15787998544371185     
   9.8399999999999999       0.14865837189683073     
   9.8599999999999994       0.13647596273593918     
   9.8800000000000008       0.14335026453179153     
   9.9000000000000004       0.13535984831910891     
   9.9199999999999999       0.15021892612148005     
   9.9399999999999995       0.14048750480772920     
   9.9600000000000009       0.13564150609360445     
   9.9800000000000004       0.14680965777520680     
   10.000000000000000       0.13935573131226431     
