 # t (ps), C(t)
   2.0000000000000000E-002   1.0000000000000000     
   4.0000000000000001E-002  0.93485519218299629     
   5.9999999999999998E-002  0.91297762248196757     
   8.0000000000000002E-002  0.91318313642054194     
  0.10000000000000001       0.90994401626165999     
  0.12000000000000000       0.90189783495809472     
  0.14000000000000001       0.88881341132166369     
  0.16000000000000000       0.88023591232872112     
  0.17999999999999999       0.87403077240851224     
  0.20000000000000001       0.86619380230097698     
  0.22000000000000000       0.85863451528952572     
  0.23999999999999999       0.84959674414081443     
  0.26000000000000001       0.84879381028770229     
  0.28000000000000003       0.84211379339635406     
  0.29999999999999999       0.83277323598226538     
  0.32000000000000001       0.82800592615495705     
  0.34000000000000002       0.82240269493084728     
  0.35999999999999999       0.81980766810463379     
  0.38000000000000000       0.81600912045492235     
  0.40000000000000002       0.80895337930418243     
  0.41999999999999998       0.80317485528983434     
  0.44000000000000000       0.80048810186966823     
  0.46000000000000002       0.79732633136676090     
  0.47999999999999998       0.78878007236097991     
  0.50000000000000000       0.78183215331357880     
  0.52000000000000002       0.77878111457068500     
  0.54000000000000004       0.77382736740443026     
  0.56000000000000005       0.77008763691735327     
  0.57999999999999996       0.76693182642830571     
  0.59999999999999998       0.75988338722004722     
  0.62000000000000000       0.75758013189841378     
  0.64000000000000001       0.75440290378080954     
  0.66000000000000003       0.75404701296105026     
  0.68000000000000005       0.74764971373790789     
  0.70000000000000007       0.74732281254804578     
  0.71999999999999997       0.73934577673406643     
  0.73999999999999999       0.73326152264493494     
  0.76000000000000001       0.73234773522377161     
  0.78000000000000003       0.72421754760398371     
  0.80000000000000004       0.71967383029987742     
  0.82000000000000006       0.72043592341277751     
  0.83999999999999997       0.71420563311051044     
  0.85999999999999999       0.71380813104683405     
  0.88000000000000000       0.70898104251619742     
  0.90000000000000002       0.70614408717887922     
  0.92000000000000004       0.70767216884671080     
  0.94000000000000006       0.69773042960295362     
  0.95999999999999996       0.69318076989545996     
  0.97999999999999998       0.69125971050760682     
   1.0000000000000000       0.68701957164190663     
   1.0200000000000000       0.68129430101937227     
   1.0400000000000000       0.68333790660916016     
   1.0600000000000001       0.68051794330246373     
   1.0800000000000001       0.66948424982349941     
   1.1000000000000001       0.66954861135693700     
   1.1200000000000001       0.66818006759919868     
   1.1400000000000001       0.66623111262070922     
   1.1599999999999999       0.66181822901088994     
   1.1799999999999999       0.65950411418982657     
   1.2000000000000000       0.66322433111017642     
   1.2200000000000000       0.65718955077953511     
   1.2400000000000000       0.64860223768821612     
   1.2600000000000000       0.64813281591595062     
   1.2800000000000000       0.64523683132854215     
   1.3000000000000000       0.64416671535860714     
   1.3200000000000001       0.64063041831554191     
   1.3400000000000001       0.63787590975200037     
   1.3600000000000001       0.63375511120947847     
   1.3800000000000001       0.63219687632684407     
   1.4000000000000001       0.62596457900679470     
   1.4199999999999999       0.62301447513015928     
   1.4399999999999999       0.61926791043430596     
   1.4600000000000000       0.61467881472374597     
   1.4800000000000000       0.60733919796033742     
   1.5000000000000000       0.60613919673438044     
   1.5200000000000000       0.60528203520147161     
   1.5400000000000000       0.60044811965565514     
   1.5600000000000001       0.59569129969821721     
   1.5800000000000001       0.59281084207994139     
   1.6000000000000001       0.59311751135558166     
   1.6200000000000001       0.58591402179012175     
   1.6400000000000001       0.58314214547512733     
   1.6600000000000001       0.58332329986527132     
   1.6799999999999999       0.57910493882147318     
   1.7000000000000000       0.57788866128413707     
   1.7200000000000000       0.57388789790311567     
   1.7400000000000000       0.57357303115750835     
   1.7600000000000000       0.57385105341231957     
   1.7800000000000000       0.56885401604302599     
   1.8000000000000000       0.56462308640055103     
   1.8200000000000001       0.56475386248098092     
   1.8400000000000001       0.56166288208124970     
   1.8600000000000001       0.56203272614789423     
   1.8800000000000001       0.56184668568917273     
   1.9000000000000001       0.55807274674101248     
   1.9199999999999999       0.55712139018476570     
   1.9399999999999999       0.55136667001796280     
   1.9600000000000000       0.55314619276666299     
   1.9800000000000000       0.55135684229023119     
   2.0000000000000000       0.54784048606048386     
   2.0200000000000000       0.54430289437046941     
   2.0400000000000000       0.54405208766166957     
   2.0600000000000001       0.53752877924411357     
   2.0800000000000001       0.54438105510651680     
   2.1000000000000001       0.53734216799528489     
   2.1200000000000001       0.53472512940091932     
   2.1400000000000001       0.52941646861908376     
   2.1600000000000001       0.52709488239248514     
   2.1800000000000002       0.52859182782865632     
   2.2000000000000002       0.52730945795258155     
   2.2200000000000002       0.52333734741733640     
   2.2400000000000002       0.51978862713180463     
   2.2600000000000002       0.51701058037615366     
   2.2800000000000002       0.51851188473929388     
   2.3000000000000003       0.51425242679785443     
   2.3199999999999998       0.51054684922872839     
   2.3399999999999999       0.51312095772603794     
   2.3599999999999999       0.50861437053513947     
   2.3799999999999999       0.51035780789842666     
   2.3999999999999999       0.50842147403118787     
   2.4199999999999999       0.50485266251405958     
   2.4399999999999999       0.49624280172694979     
   2.4600000000000000       0.49720861275732164     
   2.4800000000000000       0.49460260699673392     
   2.5000000000000000       0.49420740656491796     
   2.5200000000000000       0.49107192222398532     
   2.5400000000000000       0.48665872122986836     
   2.5600000000000001       0.48270376599483900     
   2.5800000000000001       0.47797743220357597     
   2.6000000000000001       0.47225806672772963     
   2.6200000000000001       0.47336206296217354     
   2.6400000000000001       0.47617994958228943     
   2.6600000000000001       0.47406010616277222     
   2.6800000000000002       0.47114726528611939     
   2.7000000000000002       0.46960539706777243     
   2.7200000000000002       0.47017520367668819     
   2.7400000000000002       0.47053524357495519     
   2.7600000000000002       0.46493031687080250     
   2.7800000000000002       0.46282695103282839     
   2.8000000000000003       0.46131631720337046     
   2.8199999999999998       0.46074277964610055     
   2.8399999999999999       0.46127512171967178     
   2.8599999999999999       0.46544564251382259     
   2.8799999999999999       0.45860536735383817     
   2.8999999999999999       0.45036867920153395     
   2.9199999999999999       0.45348484882020967     
   2.9399999999999999       0.45358794822240894     
   2.9600000000000000       0.44846648733363914     
   2.9800000000000000       0.44667250457682750     
   3.0000000000000000       0.44340844287843290     
   3.0200000000000000       0.44467604382364873     
   3.0400000000000000       0.44105878725889125     
   3.0600000000000001       0.43722682257798845     
   3.0800000000000001       0.43822954635090017     
   3.1000000000000001       0.43954907790873143     
   3.1200000000000001       0.43366371326451786     
   3.1400000000000001       0.43247547608147313     
   3.1600000000000001       0.42992398403555393     
   3.1800000000000002       0.42884189767316716     
   3.2000000000000002       0.42899689307115257     
   3.2200000000000002       0.42996163890595185     
   3.2400000000000002       0.42820821959318017     
   3.2600000000000002       0.42482024843748611     
   3.2800000000000002       0.42376451744992050     
   3.3000000000000003       0.42138468981012256     
   3.3200000000000003       0.41936051542365665     
   3.3399999999999999       0.42293391523183416     
   3.3599999999999999       0.42470942899783626     
   3.3799999999999999       0.42185816130738257     
   3.3999999999999999       0.41658830962560151     
   3.4199999999999999       0.41831687467844558     
   3.4399999999999999       0.41844390326526443     
   3.4600000000000000       0.41350385083377500     
   3.4800000000000000       0.40936016459149310     
   3.5000000000000000       0.41138105440503275     
   3.5200000000000000       0.41245363205906505     
   3.5400000000000000       0.41089717268429859     
   3.5600000000000001       0.40673212922827401     
   3.5800000000000001       0.40624039058568762     
   3.6000000000000001       0.40467878027685728     
   3.6200000000000001       0.40668200941636878     
   3.6400000000000001       0.40488110017726919     
   3.6600000000000001       0.40286950981777281     
   3.6800000000000002       0.40577935415431793     
   3.7000000000000002       0.40170560255847748     
   3.7200000000000002       0.40208734579474242     
   3.7400000000000002       0.39814818295323684     
   3.7600000000000002       0.39467418497997231     
   3.7800000000000002       0.39627308884070422     
   3.8000000000000003       0.39667109887124935     
   3.8200000000000003       0.39286364846056449     
   3.8399999999999999       0.39410952261327659     
   3.8599999999999999       0.39243916437873394     
   3.8799999999999999       0.38996543305460990     
   3.8999999999999999       0.38807909330539009     
   3.9199999999999999       0.38753812605926968     
   3.9399999999999999       0.38521932706164858     
   3.9600000000000000       0.38595456608509826     
   3.9800000000000000       0.38535852160925743     
   4.0000000000000000       0.38842032017135941     
   4.0200000000000005       0.38378115114661338     
   4.0400000000000000       0.38390387475572418     
   4.0600000000000005       0.38158099493387110     
   4.0800000000000001       0.38306306257598632     
   4.0999999999999996       0.38253650634044306     
   4.1200000000000001       0.38158145592165016     
   4.1399999999999997       0.37808310942613860     
   4.1600000000000001       0.37761610719186528     
   4.1799999999999997       0.37667889321576209     
   4.2000000000000002       0.37164021466834313     
   4.2199999999999998       0.37568288109460446     
   4.2400000000000002       0.37101883418291004     
   4.2599999999999998       0.37039695342321749     
   4.2800000000000002       0.36868483555858983     
   4.2999999999999998       0.36891471103094464     
   4.3200000000000003       0.36422334335992645     
   4.3399999999999999       0.36479436054055181     
   4.3600000000000003       0.36658734648862462     
   4.3799999999999999       0.35951481035986760     
   4.4000000000000004       0.35594513217362650     
   4.4199999999999999       0.36349122735680583     
   4.4400000000000004       0.35723749465837129     
   4.4600000000000000       0.35867516715859760     
   4.4800000000000004       0.35295740891107269     
   4.5000000000000000       0.35000758209541866     
   4.5200000000000005       0.35371944310539527     
   4.5400000000000000       0.34995775724613831     
   4.5600000000000005       0.34608380622224716     
   4.5800000000000001       0.34628382536106916     
   4.6000000000000005       0.34561491127527733     
   4.6200000000000001       0.34309711128432957     
   4.6399999999999997       0.34314340000929572     
   4.6600000000000001       0.34484234324535429     
   4.6799999999999997       0.34381490410386434     
   4.7000000000000002       0.34798970366276438     
   4.7199999999999998       0.34809952177862047     
   4.7400000000000002       0.34057989647780540     
   4.7599999999999998       0.34057395533683582     
   4.7800000000000002       0.33878667174561244     
   4.7999999999999998       0.33969623527905179     
   4.8200000000000003       0.33828280256655680     
   4.8399999999999999       0.33161641588534579     
   4.8600000000000003       0.33372778069556452     
   4.8799999999999999       0.33304371240110181     
   4.9000000000000004       0.33203779198199507     
   4.9199999999999999       0.33196699057727430     
   4.9400000000000004       0.32939754079889588     
   4.9600000000000000       0.32998317466932797     
   4.9800000000000004       0.32493106727117049     
   5.0000000000000000       0.32786625204081588     
   5.0200000000000005       0.32638642089636533     
   5.0400000000000000       0.32879988736761878     
   5.0600000000000005       0.32977034294420809     
   5.0800000000000001       0.33071694314410616     
   5.1000000000000005       0.32857491099386182     
   5.1200000000000001       0.32267280765925888     
   5.1399999999999997       0.32395223801287626     
   5.1600000000000001       0.32289712491111972     
   5.1799999999999997       0.32704493115084982     
   5.2000000000000002       0.32421213385922010     
   5.2199999999999998       0.31622259420659360     
   5.2400000000000002       0.31917333531855535     
   5.2599999999999998       0.32563514125400583     
   5.2800000000000002       0.31660164116946615     
   5.2999999999999998       0.31620886201839582     
   5.3200000000000003       0.31855081984295619     
   5.3399999999999999       0.31565057001450292     
   5.3600000000000003       0.31356343448902851     
   5.3799999999999999       0.31151766085940802     
   5.4000000000000004       0.31277861228711157     
   5.4199999999999999       0.30784042251792193     
   5.4400000000000004       0.30759442764981337     
   5.4600000000000000       0.30570785514064980     
   5.4800000000000004       0.30533841916429694     
   5.5000000000000000       0.30799055300134082     
   5.5200000000000005       0.30816912728157014     
   5.5400000000000000       0.30373174386029816     
   5.5600000000000005       0.30197294839728350     
   5.5800000000000001       0.30615048086082447     
   5.6000000000000005       0.30652909356801661     
   5.6200000000000001       0.30205910212405040     
   5.6399999999999997       0.30459796967426839     
   5.6600000000000001       0.30309594165769299     
   5.6799999999999997       0.30080004083326389     
   5.7000000000000002       0.29708272805375313     
   5.7199999999999998       0.29707050439096899     
   5.7400000000000002       0.29948411063449387     
   5.7599999999999998       0.29566636288605358     
   5.7800000000000002       0.29677744886751484     
   5.7999999999999998       0.29677748866945580     
   5.8200000000000003       0.29753554968862200     
   5.8399999999999999       0.29905983858226415     
   5.8600000000000003       0.29477864666542736     
   5.8799999999999999       0.29428400924452613     
   5.9000000000000004       0.29665638821441709     
   5.9199999999999999       0.29258849364511230     
   5.9400000000000004       0.29430563410165633     
   5.9600000000000000       0.29417987550806268     
   5.9800000000000004       0.29215385182097220     
   6.0000000000000000       0.29571238070769318     
   6.0200000000000005       0.29141733418722876     
   6.0400000000000000       0.29064903117243124     
   6.0600000000000005       0.29262256202665160     
   6.0800000000000001       0.29012953614811671     
   6.1000000000000005       0.29052381395708760     
   6.1200000000000001       0.28635499741010129     
   6.1400000000000006       0.28785886249011944     
   6.1600000000000001       0.28725676492150376     
   6.1799999999999997       0.28196106237139129     
   6.2000000000000002       0.28287351229436580     
   6.2199999999999998       0.28080064901512808     
   6.2400000000000002       0.28093635755454255     
   6.2599999999999998       0.27876833678180329     
   6.2800000000000002       0.27584374821931124     
   6.2999999999999998       0.27708671708797367     
   6.3200000000000003       0.27543828003067811     
   6.3399999999999999       0.27490582070446840     
   6.3600000000000003       0.27523672091025458     
   6.3799999999999999       0.26671290873593950     
   6.4000000000000004       0.27178402755083991     
   6.4199999999999999       0.27063587924964794     
   6.4400000000000004       0.26990671032501096     
   6.4600000000000000       0.26842414038085560     
   6.4800000000000004       0.26737782137986449     
   6.5000000000000000       0.27011155170428947     
   6.5200000000000005       0.26734841735811427     
   6.5400000000000000       0.26500828350434064     
   6.5600000000000005       0.26177113506254301     
   6.5800000000000001       0.25778561828943802     
   6.6000000000000005       0.26078264487830871     
   6.6200000000000001       0.26476725957055025     
   6.6400000000000006       0.26521769247867888     
   6.6600000000000001       0.25885515717814661     
   6.6799999999999997       0.26404684293339892     
   6.7000000000000002       0.25880152094818565     
   6.7199999999999998       0.25964526527528259     
   6.7400000000000002       0.25901673772830736     
   6.7599999999999998       0.26520599538259360     
   6.7800000000000002       0.26122593169193098     
   6.7999999999999998       0.25767629246266521     
   6.8200000000000003       0.25684853180522388     
   6.8399999999999999       0.25538383990766633     
   6.8600000000000003       0.25593805497151745     
   6.8799999999999999       0.25043303330812783     
   6.9000000000000004       0.25291462330552178     
   6.9199999999999999       0.25314361168513283     
   6.9400000000000004       0.25148349398849390     
   6.9600000000000000       0.24856217298241565     
   6.9800000000000004       0.24781434823402132     
   7.0000000000000000       0.25385005068531663     
   7.0200000000000005       0.25239343977592699     
   7.0400000000000000       0.25052960770506322     
   7.0600000000000005       0.25300174679979576     
   7.0800000000000001       0.25094421421600605     
   7.1000000000000005       0.24983229005450455     
   7.1200000000000001       0.24234924936238111     
   7.1400000000000006       0.25193931103030615     
   7.1600000000000001       0.25155766083908321     
   7.1799999999999997       0.24780624666978268     
   7.2000000000000002       0.24632152529209425     
   7.2199999999999998       0.24416423301648502     
   7.2400000000000002       0.24250436153554897     
   7.2599999999999998       0.24543070782813886     
   7.2800000000000002       0.24450695606982495     
   7.2999999999999998       0.24618048991559044     
   7.3200000000000003       0.24569265597571027     
   7.3399999999999999       0.24661325763967396     
   7.3600000000000003       0.24440181835994948     
   7.3799999999999999       0.24299479080778030     
   7.4000000000000004       0.24111698651017124     
   7.4199999999999999       0.24243290634735662     
   7.4400000000000004       0.23903207455703124     
   7.4600000000000000       0.24473336997062167     
   7.4800000000000004       0.23978316512201514     
   7.5000000000000000       0.23897036264432087     
   7.5200000000000005       0.24190803239080338     
   7.5400000000000000       0.23864940327802214     
   7.5600000000000005       0.23731863572455203     
   7.5800000000000001       0.23554405952930890     
   7.6000000000000005       0.23886202321994437     
   7.6200000000000001       0.23466620091131735     
   7.6400000000000006       0.22792358212453145     
   7.6600000000000001       0.23119930703981806     
   7.6799999999999997       0.23261852641000111     
   7.7000000000000002       0.23165550165416290     
   7.7199999999999998       0.23343867907707458     
   7.7400000000000002       0.23254928653451065     
   7.7599999999999998       0.23431269539922381     
   7.7800000000000002       0.23453776333989490     
   7.7999999999999998       0.23306347595225621     
   7.8200000000000003       0.23344103012575396     
   7.8399999999999999       0.23442912578807659     
   7.8600000000000003       0.22972847655895148     
   7.8799999999999999       0.22971959357063804     
   7.9000000000000004       0.23352651187856843     
   7.9199999999999999       0.23319289982353614     
   7.9400000000000004       0.22692307317722654     
   7.9600000000000000       0.22731294427019633     
   7.9800000000000004       0.22502716974875259     
   8.0000000000000000       0.22432442640802605     
   8.0199999999999996       0.22798599899971561     
   8.0400000000000009       0.22620530523584298     
   8.0600000000000005       0.22294878913918414     
   8.0800000000000001       0.22273985174881480     
   8.0999999999999996       0.22277235673730683     
   8.1200000000000010       0.21993575379423141     
   8.1400000000000006       0.22244965482472251     
   8.1600000000000001       0.21874267147380355     
   8.1799999999999997       0.22196362458938246     
   8.1999999999999993       0.22012533036780702     
   8.2200000000000006       0.21884634217139293     
   8.2400000000000002       0.22138125220699226     
   8.2599999999999998       0.22020558633635204     
   8.2799999999999994       0.22417721593951839     
   8.3000000000000007       0.22557240868791245     
   8.3200000000000003       0.22588609350429323     
   8.3399999999999999       0.22537031332416071     
   8.3599999999999994       0.22070260455420995     
   8.3800000000000008       0.22414004085294337     
   8.4000000000000004       0.22509053646623906     
   8.4199999999999999       0.22284571009933885     
   8.4399999999999995       0.22083942234220741     
   8.4600000000000009       0.21857646054893176     
   8.4800000000000004       0.21746970595194973     
   8.5000000000000000       0.21630229606234166     
   8.5199999999999996       0.21523549012722917     
   8.5400000000000009       0.22076429829474345     
   8.5600000000000005       0.22496399455701396     
   8.5800000000000001       0.22187098428541149     
   8.5999999999999996       0.22644322515091594     
   8.6200000000000010       0.22068079942655289     
   8.6400000000000006       0.22386509076792152     
   8.6600000000000001       0.22444698417132528     
   8.6799999999999997       0.22471661769376403     
   8.7000000000000011       0.22452797412843245     
   8.7200000000000006       0.22674712235114319     
   8.7400000000000002       0.22599186359479584     
   8.7599999999999998       0.22449284899952510     
   8.7799999999999994       0.22379287183557270     
   8.8000000000000007       0.22582524112797081     
   8.8200000000000003       0.22161300200091141     
   8.8399999999999999       0.22788635765255083     
   8.8599999999999994       0.22569817690582503     
   8.8800000000000008       0.22144552423159394     
   8.9000000000000004       0.21773137254580915     
   8.9199999999999999       0.21916608345232566     
   8.9399999999999995       0.21642210444128190     
   8.9600000000000009       0.22107224945174628     
   8.9800000000000004       0.21525361514064556     
   9.0000000000000000       0.21268881031586584     
   9.0199999999999996       0.21312365279137277     
   9.0400000000000009       0.21288612737857221     
   9.0600000000000005       0.21439117187584447     
   9.0800000000000001       0.21034757277613736     
   9.0999999999999996       0.21274905945535078     
   9.1200000000000010       0.21045450577011840     
   9.1400000000000006       0.21163321385481496     
   9.1600000000000001       0.20746680948641449     
   9.1799999999999997       0.20869961031467524     
   9.2000000000000011       0.20849370921654714     
   9.2200000000000006       0.20929756744809080     
   9.2400000000000002       0.21150485664740956     
   9.2599999999999998       0.21114505180305068     
   9.2799999999999994       0.20855182815484019     
   9.3000000000000007       0.20664150495595351     
   9.3200000000000003       0.21044413734725934     
   9.3399999999999999       0.20938430629808572     
   9.3599999999999994       0.20714178365425706     
   9.3800000000000008       0.21088853737534369     
   9.4000000000000004       0.20979494696586298     
   9.4199999999999999       0.20562442628549973     
   9.4399999999999995       0.20861345868292985     
   9.4600000000000009       0.20909305615207499     
   9.4800000000000004       0.20237745733273294     
   9.5000000000000000       0.20380577035254743     
   9.5199999999999996       0.20647249647026122     
   9.5400000000000009       0.20635027405611717     
   9.5600000000000005       0.20448279145685611     
   9.5800000000000001       0.20886157886267198     
   9.5999999999999996       0.20961009746780657     
   9.6200000000000010       0.20648584542028162     
   9.6400000000000006       0.20374183941579838     
   9.6600000000000001       0.20571861242189496     
   9.6799999999999997       0.20924796478214636     
   9.7000000000000011       0.20777048820691346     
   9.7200000000000006       0.20122579752562120     
   9.7400000000000002       0.19982027718340356     
   9.7599999999999998       0.19802914645303532     
   9.7799999999999994       0.20199311968618144     
   9.8000000000000007       0.20137367209139068     
   9.8200000000000003       0.20156082466115646     
   9.8399999999999999       0.19572637609781837     
   9.8599999999999994       0.19841796272847440     
   9.8800000000000008       0.20114068308948679     
   9.9000000000000004       0.19274031647144915     
   9.9199999999999999       0.19186526171711304     
   9.9399999999999995       0.19411734317508006     
   9.9600000000000009       0.19174571500718504     
   9.9800000000000004       0.19411980186559788     
   10.000000000000000       0.19584964360159088     
