 # t (ps), C(t)
   2.0000000000000000E-002   1.0000000000000000     
   4.0000000000000001E-002  0.93355825764364797     
   5.9999999999999998E-002  0.90684906792700726     
   8.0000000000000002E-002  0.90037659872112286     
  0.10000000000000001       0.89663669583886996     
  0.12000000000000000       0.88583005494574918     
  0.14000000000000001       0.87488923575049726     
  0.16000000000000000       0.86668804099087826     
  0.17999999999999999       0.85514447620830580     
  0.20000000000000001       0.84631419339935121     
  0.22000000000000000       0.83291970971491225     
  0.23999999999999999       0.82686963098270605     
  0.26000000000000001       0.83096173539696694     
  0.28000000000000003       0.81257910110057063     
  0.29999999999999999       0.80403919476345564     
  0.32000000000000001       0.80386966988849284     
  0.34000000000000002       0.79580495443468391     
  0.35999999999999999       0.79705672215502132     
  0.38000000000000000       0.78987006139280580     
  0.40000000000000002       0.78458210160981035     
  0.41999999999999998       0.77777986332758797     
  0.44000000000000000       0.77089987968123397     
  0.46000000000000002       0.76422196021902744     
  0.47999999999999998       0.75723696983145150     
  0.50000000000000000       0.75650440062415270     
  0.52000000000000002       0.74884880885298954     
  0.54000000000000004       0.74518714740514669     
  0.56000000000000005       0.75075078842130905     
  0.57999999999999996       0.74424419187198243     
  0.59999999999999998       0.73387003256163952     
  0.62000000000000000       0.73179613507825825     
  0.64000000000000001       0.72320833658457329     
  0.66000000000000003       0.72066992871062785     
  0.68000000000000005       0.71608193463761349     
  0.70000000000000007       0.71861700521424998     
  0.71999999999999997       0.69760827245660062     
  0.73999999999999999       0.69522296043210319     
  0.76000000000000001       0.70106161991134852     
  0.78000000000000003       0.68348920411832548     
  0.80000000000000004       0.67132838767038738     
  0.82000000000000006       0.66655137677255938     
  0.83999999999999997       0.66885004279975047     
  0.85999999999999999       0.66887600957561233     
  0.88000000000000000       0.66764570157491765     
  0.90000000000000002       0.65869550671026456     
  0.92000000000000004       0.65554864236021582     
  0.94000000000000006       0.64107941715954486     
  0.95999999999999996       0.64366102048297913     
  0.97999999999999998       0.63230333352870682     
   1.0000000000000000       0.62900547821384134     
   1.0200000000000000       0.63330805318545191     
   1.0400000000000000       0.63680965758985264     
   1.0600000000000001       0.62924209653215013     
   1.0800000000000001       0.62006331194716391     
   1.1000000000000001       0.62678971057039934     
   1.1200000000000001       0.62991302676043048     
   1.1400000000000001       0.62492140064417301     
   1.1599999999999999       0.61875600208813875     
   1.1799999999999999       0.60839976122726247     
   1.2000000000000000       0.61807967210339587     
   1.2200000000000000       0.60579077324583819     
   1.2400000000000000       0.60831513911708723     
   1.2600000000000000       0.60441534739297920     
   1.2800000000000000       0.59940974272836767     
   1.3000000000000000       0.59303100316843504     
   1.3200000000000001       0.58221514682844411     
   1.3400000000000001       0.57713625572652982     
   1.3600000000000001       0.57764666335698489     
   1.3800000000000001       0.57266416963586908     
   1.4000000000000001       0.56697717123258673     
   1.4199999999999999       0.55897584839099479     
   1.4399999999999999       0.55750426082190263     
   1.4600000000000000       0.55586502187836562     
   1.4800000000000000       0.55243984849788685     
   1.5000000000000000       0.53598864340660624     
   1.5200000000000000       0.54344633346763394     
   1.5400000000000000       0.52742445364701684     
   1.5600000000000001       0.51935324634741920     
   1.5800000000000001       0.51472094305913141     
   1.6000000000000001       0.52015349757801588     
   1.6200000000000001       0.50888350077468403     
   1.6400000000000001       0.51388448117962637     
   1.6600000000000001       0.49998219177049208     
   1.6799999999999999       0.48683369864746157     
   1.7000000000000000       0.48303991854706319     
   1.7200000000000000       0.48301104501127462     
   1.7400000000000000       0.47504759903948213     
   1.7600000000000000       0.48001239942990925     
   1.7800000000000000       0.47630213519964160     
   1.8000000000000000       0.45709191908634511     
   1.8200000000000001       0.44725666474633985     
   1.8400000000000001       0.45070270854604899     
   1.8600000000000001       0.45519873781867121     
   1.8800000000000001       0.45064783633842687     
   1.9000000000000001       0.45246159395553603     
   1.9199999999999999       0.45859275821488110     
   1.9399999999999999       0.44881983739173220     
   1.9600000000000000       0.45767784026733921     
   1.9800000000000000       0.44108232836271577     
   2.0000000000000000       0.44633323424313709     
   2.0200000000000000       0.45025305988407760     
   2.0400000000000000       0.44693618489525705     
   2.0600000000000001       0.43428411433208214     
   2.0800000000000001       0.44706344216631722     
   2.1000000000000001       0.42604117053889334     
   2.1200000000000001       0.42745348905081704     
   2.1400000000000001       0.42273844731016902     
   2.1600000000000001       0.41926891352560569     
   2.1800000000000002       0.42180910303435243     
   2.2000000000000002       0.41700100770127757     
   2.2200000000000002       0.41062302945494250     
   2.2400000000000002       0.40603429360991683     
   2.2600000000000002       0.40321184852284703     
   2.2800000000000002       0.40285664934157284     
   2.3000000000000003       0.39099984741978028     
   2.3199999999999998       0.39635653217195710     
   2.3399999999999999       0.39961138827092435     
   2.3599999999999999       0.38995007389519665     
   2.3799999999999999       0.39281055355906086     
   2.3999999999999999       0.38578764950018318     
   2.4199999999999999       0.38823817867357208     
   2.4399999999999999       0.37970965694068526     
   2.4600000000000000       0.37919383816925034     
   2.4800000000000000       0.38004399876327954     
   2.5000000000000000       0.38177151130249365     
   2.5200000000000000       0.37371310092757959     
   2.5400000000000000       0.36410639730258082     
   2.5600000000000001       0.36060469891952879     
   2.5800000000000001       0.35298257527885418     
   2.6000000000000001       0.34025396693384785     
   2.6200000000000001       0.34825501311867030     
   2.6400000000000001       0.35009948035361838     
   2.6600000000000001       0.35157128604528770     
   2.6800000000000002       0.34265035343894434     
   2.7000000000000002       0.33948681938649228     
   2.7200000000000002       0.35007471979050392     
   2.7400000000000002       0.35272715469594096     
   2.7600000000000002       0.33086686615127120     
   2.7800000000000002       0.33313205979151744     
   2.8000000000000003       0.32228218793386099     
   2.8199999999999998       0.32433672940865305     
   2.8399999999999999       0.32701591228959914     
   2.8599999999999999       0.34067584137429180     
   2.8799999999999999       0.32341793894779447     
   2.8999999999999999       0.31152376710109819     
   2.9199999999999999       0.31106291775681866     
   2.9399999999999999       0.31161068327596064     
   2.9600000000000000       0.30565692355482799     
   2.9800000000000000       0.30566420270541494     
   3.0000000000000000       0.31195630718648454     
   3.0200000000000000       0.30394383057234209     
   3.0400000000000000       0.29755386271552647     
   3.0600000000000001       0.29344510578402905     
   3.0800000000000001       0.30760538047399583     
   3.1000000000000001       0.30496381209285994     
   3.1200000000000001       0.29994277302389227     
   3.1400000000000001       0.29712583516714086     
   3.1600000000000001       0.28594781488247090     
   3.1800000000000002       0.28164322382066986     
   3.2000000000000002       0.29556463313073522     
   3.2200000000000002       0.28299279149335144     
   3.2400000000000002       0.27948976317185559     
   3.2600000000000002       0.26963161527873614     
   3.2800000000000002       0.26963608908847020     
   3.3000000000000003       0.27557558104509566     
   3.3200000000000003       0.27207607243666759     
   3.3399999999999999       0.26751686952810849     
   3.3599999999999999       0.27605260147652866     
   3.3799999999999999       0.27398023326902399     
   3.3999999999999999       0.26431727345420919     
   3.4199999999999999       0.26696920146370046     
   3.4399999999999999       0.27181861893453541     
   3.4600000000000000       0.26090703603767929     
   3.4800000000000000       0.26628013598831085     
   3.5000000000000000       0.26376128641622432     
   3.5200000000000000       0.27264244547215016     
   3.5400000000000000       0.26979520163817328     
   3.5600000000000001       0.26374132500319586     
   3.5800000000000001       0.26773631388365077     
   3.6000000000000001       0.26085759466772385     
   3.6200000000000001       0.25651065706052883     
   3.6400000000000001       0.26147877138898740     
   3.6600000000000001       0.25638041304437786     
   3.6800000000000002       0.25567235229259072     
   3.7000000000000002       0.24380038733426634     
   3.7200000000000002       0.25392781566140266     
   3.7400000000000002       0.24411812096024388     
   3.7600000000000002       0.24111381457957626     
   3.7800000000000002       0.23842428194833937     
   3.8000000000000003       0.23670431191226121     
   3.8200000000000003       0.23546850636121833     
   3.8399999999999999       0.22832725490671993     
   3.8599999999999999       0.23698446377655866     
   3.8799999999999999       0.23918833903383235     
   3.8999999999999999       0.23468156534489007     
   3.9199999999999999       0.22872299453323461     
   3.9399999999999999       0.22494314493019174     
   3.9600000000000000       0.22144030363265874     
   3.9800000000000000       0.23539963216647752     
   4.0000000000000000       0.22917984180309975     
   4.0200000000000005       0.23398439654564576     
   4.0400000000000000       0.23103773150993734     
   4.0600000000000005       0.22925352875004676     
   4.0800000000000001       0.22748686705562990     
   4.0999999999999996       0.22810963266707243     
   4.1200000000000001       0.22017442106679608     
   4.1399999999999997       0.22193570254334088     
   4.1600000000000001       0.23367860819017586     
   4.1799999999999997       0.22992156395516505     
   4.2000000000000002       0.21704753211645261     
   4.2199999999999998       0.22312290556486539     
   4.2400000000000002       0.21369278347089835     
   4.2599999999999998       0.22100213878715752     
   4.2800000000000002       0.21374934587430136     
   4.2999999999999998       0.21183370072318511     
   4.3200000000000003       0.20196861499776589     
   4.3399999999999999       0.21071033239794162     
   4.3600000000000003       0.21683934524229553     
   4.3799999999999999       0.20989847612308754     
   4.4000000000000004       0.19586529903592809     
   4.4199999999999999       0.19771285796218815     
   4.4400000000000004       0.20568564684488647     
   4.4600000000000000       0.20531051028324657     
   4.4800000000000004       0.20147940792278629     
   4.5000000000000000       0.19631739426859027     
   4.5200000000000005       0.20504065922741024     
   4.5400000000000000       0.20106695259818722     
   4.5600000000000005       0.19701343504165897     
   4.5800000000000001       0.19301121005117583     
   4.6000000000000005       0.20712237480548570     
   4.6200000000000001       0.20145200534944535     
   4.6399999999999997       0.19730014835781859     
   4.6600000000000001       0.20541237172919519     
   4.6799999999999997       0.20402556660280005     
   4.7000000000000002       0.21525078814731441     
   4.7199999999999998       0.22245747061962295     
   4.7400000000000002       0.21661751722337252     
   4.7599999999999998       0.21346508330408917     
   4.7800000000000002       0.20557949293383551     
   4.7999999999999998       0.21468266554303664     
   4.8200000000000003       0.21293801305687127     
   4.8399999999999999       0.19706512650713368     
   4.8600000000000003       0.20398411540188366     
   4.8799999999999999       0.19518311226228013     
   4.9000000000000004       0.18549077026011862     
   4.9199999999999999       0.18949774087350110     
   4.9400000000000004       0.19313650774714713     
   4.9600000000000000       0.18906573369482257     
   4.9800000000000004       0.18745629217627002     
   5.0000000000000000       0.19025261385005787     
   5.0200000000000005       0.19610829820193168     
   5.0400000000000000       0.18610421384589826     
   5.0600000000000005       0.19806833589158324     
   5.0800000000000001       0.19618971390184681     
   5.1000000000000005       0.19023526282247996     
   5.1200000000000001       0.17579967481542769     
   5.1399999999999997       0.18088606023835493     
   5.1600000000000001       0.18955724651331490     
   5.1799999999999997       0.18927248238188318     
   5.2000000000000002       0.18585725307069720     
   5.2199999999999998       0.18254099727733208     
   5.2400000000000002       0.19979668695205252     
   5.2599999999999998       0.19028812930626504     
   5.2800000000000002       0.17320877567415024     
   5.2999999999999998       0.18063473236166186     
   5.3200000000000003       0.17788800097203952     
   5.3399999999999999       0.17408775330246393     
   5.3600000000000003       0.17283195846905625     
   5.3799999999999999       0.16853954048956679     
   5.4000000000000004       0.17054200982480566     
   5.4199999999999999       0.16510727106353559     
   5.4400000000000004       0.16278849993306349     
   5.4600000000000000       0.15167040287976710     
   5.4800000000000004       0.15984348970829473     
   5.5000000000000000       0.15809493024039051     
   5.5200000000000005       0.15955846933581572     
   5.5400000000000000       0.15402343517922257     
   5.5600000000000005       0.16767807945104465     
   5.5800000000000001       0.16882610462884134     
   5.6000000000000005       0.17047582506980952     
   5.6200000000000001       0.16699633363577016     
   5.6399999999999997       0.16277317544686862     
   5.6600000000000001       0.15955879654460403     
   5.6799999999999997       0.15940633383420566     
   5.7000000000000002       0.15814097022207771     
   5.7199999999999998       0.16415812455648696     
   5.7400000000000002       0.15837371417582088     
   5.7599999999999998       0.14774672868496988     
   5.7800000000000002       0.15290744419717411     
   5.7999999999999998       0.15136523742140728     
   5.8200000000000003       0.14862538300842293     
   5.8399999999999999       0.15977240467366927     
   5.8600000000000003       0.16153328893258059     
   5.8799999999999999       0.15573048801197564     
   5.9000000000000004       0.15869765892677787     
   5.9199999999999999       0.16439514446225598     
   5.9400000000000004       0.17323970620083795     
   5.9600000000000000       0.15872817645295778     
   5.9800000000000004       0.15919496468368288     
   6.0000000000000000       0.16939373557762075     
   6.0200000000000005       0.15986575405302395     
   6.0400000000000000       0.16076611283567829     
   6.0600000000000005       0.16717381656929914     
   6.0800000000000001       0.15252374736596791     
   6.1000000000000005       0.14746809863036500     
   6.1200000000000001       0.15398177766375681     
   6.1400000000000006       0.15259001730881155     
   6.1600000000000001       0.14932634802920117     
   6.1799999999999997       0.13980249363857294     
   6.2000000000000002       0.14250802392189293     
   6.2199999999999998       0.13289722181687647     
   6.2400000000000002       0.13908278126127235     
   6.2599999999999998       0.13779941738383131     
   6.2800000000000002       0.14289082491917376     
   6.2999999999999998       0.13580348278298712     
   6.3200000000000003       0.13808267202682989     
   6.3399999999999999       0.13954273643830767     
   6.3600000000000003       0.14597602216741862     
   6.3799999999999999       0.14963040552262905     
   6.4000000000000004       0.15843712738980176     
   6.4199999999999999       0.15189331948815107     
   6.4400000000000004       0.15261769000762201     
   6.4600000000000000       0.15136135351056418     
   6.4800000000000004       0.14228921209250528     
   6.5000000000000000       0.14794151055670235     
   6.5200000000000005       0.14986231549540896     
   6.5400000000000000       0.14592468458096319     
   6.5600000000000005       0.13127527077697132     
   6.5800000000000001       0.12348350112991514     
   6.6000000000000005       0.13436827654125427     
   6.6200000000000001       0.13825694124962148     
   6.6400000000000006       0.14002879256872564     
   6.6600000000000001       0.12919074339360401     
   6.6799999999999997       0.14063627263854900     
   6.7000000000000002       0.13853697728268849     
   6.7199999999999998       0.12763818045133402     
   6.7400000000000002       0.12878120605137122     
   6.7599999999999998       0.14159835549928182     
   6.7800000000000002       0.14165281799688503     
   6.7999999999999998       0.13535285538454536     
   6.8200000000000003       0.13067623594029978     
   6.8399999999999999       0.12181364274758703     
   6.8600000000000003       0.13362282961166902     
   6.8799999999999999       0.11780186175545644     
   6.9000000000000004       0.11181926552294778     
   6.9199999999999999       0.12264902369371911     
   6.9400000000000004       0.11429928416676359     
   6.9600000000000000       0.11489211199873595     
   6.9800000000000004       0.10882684292133080     
   7.0000000000000000       0.12735106816729116     
   7.0200000000000005       0.11857963824854338     
   7.0400000000000000       0.12215119324417538     
   7.0600000000000005       0.12865100160412823     
   7.0800000000000001       0.13327429132512963     
   7.1000000000000005       0.13271404486313496     
   7.1200000000000001       0.12344531030068286     
   7.1400000000000006       0.12579487156931884     
   7.1600000000000001       0.13892222772991553     
   7.1799999999999997       0.12081482961399008     
   7.2000000000000002       0.12646700273703418     
   7.2199999999999998       0.12597526919556645     
   7.2400000000000002       0.12741014157052807     
   7.2599999999999998       0.12940114115605630     
   7.2800000000000002       0.11458081514166027     
   7.2999999999999998       0.11747453372763161     
   7.3200000000000003       0.12435770993323278     
   7.3399999999999999       0.12240826950281423     
   7.3600000000000003       0.13382304713155260     
   7.3799999999999999       0.11959258239634715     
   7.4000000000000004       0.12020129670807345     
   7.4199999999999999       0.11892867627476705     
   7.4400000000000004       0.11802262486868682     
   7.4600000000000000       0.13629680001537733     
   7.4800000000000004       0.12163056082149916     
   7.5000000000000000       0.12602318487398351     
   7.5200000000000005       0.13191074635351621     
   7.5400000000000000       0.12677167640331180     
   7.5600000000000005       0.13089349702358416     
   7.5800000000000001       0.12855854980870929     
   7.6000000000000005       0.13233180953646659     
   7.6200000000000001       0.13271706820305926     
   7.6400000000000006       0.11317635069758657     
   7.6600000000000001       0.11464494693634973     
   7.6799999999999997       0.12212478708701813     
   7.7000000000000002       0.12567700027858866     
   7.7199999999999998       0.13049254026898011     
   7.7400000000000002       0.11728805144499520     
   7.7599999999999998       0.11297620753888343     
   7.7800000000000002       0.12521385433016491     
   7.7999999999999998       0.10971936278171036     
   7.8200000000000003       0.11214637050151342     
   7.8399999999999999       0.11056282361389702     
   7.8600000000000003       0.11297658424008176     
   7.8799999999999999       0.11305293495829882     
   7.9000000000000004       0.11875435834563058     
   7.9199999999999999       0.10948107598344753     
   7.9400000000000004       0.10004331502426232     
   7.9600000000000000       0.10035717416743928     
   7.9800000000000004       0.10582448927167933     
   8.0000000000000000       0.10116171752645377     
   8.0199999999999996       0.10333771646641575     
   8.0400000000000009       0.11157867829803804     
   8.0600000000000005        9.6679585997087869E-002
   8.0800000000000001        9.5524521928858186E-002
   8.0999999999999996       0.10251218053636563     
   8.1200000000000010        9.5390759747762330E-002
   8.1400000000000006        9.3355117414969685E-002
   8.1600000000000001       0.10064943747544935     
   8.1799999999999997       0.10974266129325187     
   8.1999999999999993       0.10051225552563915     
   8.2200000000000006        9.6424462732567093E-002
   8.2400000000000002       0.10624765121723033     
   8.2599999999999998       0.10427479722172751     
   8.2799999999999994       0.10438708893682414     
   8.3000000000000007        9.7746376926344081E-002
   8.3200000000000003        9.9060516917693062E-002
   8.3399999999999999        9.5961173495415844E-002
   8.3599999999999994        7.7932467039613276E-002
   8.3800000000000008        8.8413761317660475E-002
   8.4000000000000004        9.8621017222795898E-002
   8.4199999999999999        9.3239088825286504E-002
   8.4399999999999995        8.8524282307715793E-002
   8.4600000000000009        8.9605035093287211E-002
   8.4800000000000004        8.2039929043582219E-002
   8.5000000000000000        8.4472684455951338E-002
   8.5199999999999996        8.0866095733857044E-002
   8.5400000000000009        9.0044032519330852E-002
   8.5600000000000005        8.8100332711293347E-002
   8.5800000000000001        7.6866892844119281E-002
   8.5999999999999996        8.2117234354697838E-002
   8.6200000000000010        8.0447568633119387E-002
   8.6400000000000006        8.7196079837050425E-002
   8.6600000000000001        7.8384475400339021E-002
   8.6799999999999997        8.7970980500299070E-002
   8.7000000000000011        8.8579887012419256E-002
   8.7200000000000006        8.7073613450929288E-002
   8.7400000000000002        9.6554337835100520E-002
   8.7599999999999998       0.10182296828572585     
   8.7799999999999994        9.9169219476342899E-002
   8.8000000000000007       0.10205739242594930     
   8.8200000000000003        7.7322242040994901E-002
   8.8399999999999999        8.9157947656019670E-002
   8.8599999999999994        8.8526504459231659E-002
   8.8800000000000008        8.1306269693040209E-002
   8.9000000000000004        7.0305775222173017E-002
   8.9199999999999999        7.5568903679390273E-002
   8.9399999999999995        7.9195418341624635E-002
   8.9600000000000009        8.9004140010373725E-002
   8.9800000000000004        7.1682567148293463E-002
   9.0000000000000000        6.5444510738351044E-002
   9.0199999999999996        6.6867404178069953E-002
   9.0400000000000009        6.5913731276260101E-002
   9.0600000000000005        7.1818910830383775E-002
   9.0800000000000001        6.3717695270439967E-002
   9.0999999999999996        6.6047685743414422E-002
   9.1200000000000010        6.7780522297403445E-002
   9.1400000000000006        7.1036291514926686E-002
   9.1600000000000001        6.1290522273534258E-002
   9.1799999999999997        6.1632703233810288E-002
   9.2000000000000011        6.0152307476372319E-002
   9.2200000000000006        7.4278954819740436E-002
   9.2400000000000002        7.5742640051407906E-002
   9.2599999999999998        5.5716237114361460E-002
   9.2799999999999994        4.8659674520024475E-002
   9.3000000000000007        5.6273858682076454E-002
   9.3200000000000003        6.3233468030659989E-002
   9.3399999999999999        5.3599819691724192E-002
   9.3599999999999994        5.1305701845203909E-002
   9.3800000000000008        6.9255684161547676E-002
   9.4000000000000004        6.5708427980031431E-002
   9.4199999999999999        6.5059464553993598E-002
   9.4399999999999995        6.6542370400582862E-002
   9.4600000000000009        6.9175104946430505E-002
   9.4800000000000004        6.1446928835108244E-002
   9.5000000000000000        6.6953061657825691E-002
   9.5199999999999996        6.3812156089100111E-002
   9.5400000000000009        7.9188694366918957E-002
   9.5600000000000005        6.4428119764940645E-002
   9.5800000000000001        7.1155535137336565E-002
   9.5999999999999996        6.6147902644506235E-002
   9.6200000000000010        6.9313862338747492E-002
   9.6400000000000006        5.1674122370066362E-002
   9.6600000000000001        6.4795287056163289E-002
   9.6799999999999997        6.8247744800409613E-002
   9.7000000000000011        5.8424328366283806E-002
   9.7200000000000006        5.1243857510203508E-002
   9.7400000000000002        3.9544474898148427E-002
   9.7599999999999998        5.1355248784898722E-002
   9.7799999999999994        5.1152260425980728E-002
   9.8000000000000007        5.1366213566603029E-002
   9.8200000000000003        4.1871840625033470E-002
   9.8399999999999999        3.8059636099659927E-002
   9.8599999999999994        4.9628903281377063E-002
   9.8800000000000008        5.2063921727299782E-002
   9.9000000000000004        4.7894656966417655E-002
   9.9199999999999999        3.6463111943915598E-002
   9.9399999999999995        4.1638454173037492E-002
   9.9600000000000009        3.5122384746947219E-002
   9.9800000000000004        3.6631733572080452E-002
   10.000000000000000        5.3571194839469233E-002
