0.0 1.0
0.10101010101010101 0.9320661550057685
0.20202020202020202 0.8990180038333325
0.30303030303030304 0.8926745684987468
0.40404040404040403 0.8953889558912886
0.5050505050505051 0.8876806283891102
0.6060606060606061 0.8672526126795581
0.7070707070707071 0.8525143926789855
0.8080808080808081 0.8295559804556171
0.9090909090909091 0.8300634777177325
1.0101010101010102 0.8279217466945806
1.1111111111111112 0.8152591243284742
1.2121212121212122 0.8046151366871016
1.3131313131313131 0.795816741478436
1.4141414141414141 0.7874451235978308
1.5151515151515151 0.7707605654699831
1.6161616161616161 0.7561966378037792
1.7171717171717171 0.7493384806036074
1.8181818181818181 0.7512444755718466
1.9191919191919191 0.7402965118231918
2.0202020202020203 0.736309351124858
2.121212121212121 0.7280973473862975
2.2222222222222223 0.7156129868285546
2.323232323232323 0.6973210915383221
2.4242424242424243 0.6914937361729496
2.525252525252525 0.6909493878734178
2.6262626262626263 0.6763566467505143
2.727272727272727 0.6877199561445366
2.8282828282828283 0.6808151740404628
2.929292929292929 0.6712177011228134
3.0303030303030303 0.6582361980836924
3.131313131313131 0.6592431766944395
3.2323232323232323 0.6430678006991886
3.3333333333333335 0.6434017632539495
3.4343434343434343 0.6449796051848768
3.5353535353535355 0.6351939858658892
3.6363636363636362 0.6215554512895912
3.7373737373737375 0.6046705008506515
3.8383838383838382 0.6089264419720718
3.9393939393939394 0.6014993024621548
4.040404040404041 0.5981230576524599
4.141414141414141 0.5873516971323148
4.242424242424242 0.5943980988256855
4.343434343434343 0.5781390524695743
4.444444444444445 0.5669449130870834
4.545454545454545 0.5433300381812035
4.646464646464646 0.5516399640383383
4.747474747474747 0.5505584480058202
4.848484848484849 0.5400186226588287
4.94949494949495 0.5356853935606775
5.05050505050505 0.530220366301773
5.151515151515151 0.5308096214959427
5.252525252525253 0.5169730489205551
5.353535353535354 0.5198269538881132
5.454545454545454 0.5041407674054429
5.555555555555555 0.4894885655081765
5.656565656565657 0.48506003191912556
5.757575757575758 0.4806028303399804
5.858585858585858 0.48977205192783835
5.959595959595959 0.4838214706614521
6.0606060606060606 0.47249725930908504
6.161616161616162 0.45891835488055766
6.262626262626262 0.4641210819316451
6.363636363636363 0.4523781259625692
6.4646464646464645 0.4610687304809669
6.565656565656566 0.4423273228997891
6.666666666666667 0.4460780343701946
6.767676767676767 0.4671511996789104
6.8686868686868685 0.46111783518454574
6.96969696969697 0.4470372673266108
7.070707070707071 0.43704125686877937
7.171717171717171 0.42265618093409424
7.2727272727272725 0.4405988860501582
7.373737373737374 0.446278743636662
7.474747474747475 0.43873077090355356
7.575757575757575 0.42603396333425525
7.6767676767676765 0.4287199257918409
7.777777777777778 0.43263236661817733
7.878787878787879 0.4362218033772781
7.979797979797979 0.4185199636333475
8.080808080808081 0.40928907963878497
8.181818181818182 0.42877319726722557
8.282828282828282 0.412016914787497
8.383838383838384 0.3977365570392424
8.484848484848484 0.40637199156236387
8.585858585858587 0.39422259904376405
8.686868686868687 0.3975212104220446
8.787878787878787 0.387625537178706
8.88888888888889 0.3885364443793581
8.98989898989899 0.3865290336045504
9.09090909090909 0.38095271931578334
9.191919191919192 0.36244179089621903
9.292929292929292 0.37145735215865944
9.393939393939394 0.36319130485498896
9.494949494949495 0.360577911337922
9.595959595959595 0.35875525404751807
9.696969696969697 0.3460072983633249
9.797979797979798 0.3326868167007593
9.8989898989899 0.35263230728007977
10.0 0.3482174417633711
