9.999999999999998890e-01
9.335735366761714893e-01
9.276187459405971225e-01
9.247866008539087357e-01
9.138881726123397886e-01
9.079832257316351463e-01
9.012244694714670601e-01
8.964220506503620678e-01
8.853711967458937071e-01
8.832228337708288857e-01
8.821329803240224310e-01
8.746345007842268870e-01
8.734038873563352290e-01
8.670273137603901059e-01
8.634844763824481850e-01
8.603183977435928664e-01
8.499136773785963550e-01
8.613369060838009794e-01
8.512707196571130952e-01
8.465273289695934844e-01
8.441800591499456496e-01
8.456090783157491630e-01
8.441012677298596056e-01
8.452254585780631935e-01
8.398528670105684935e-01
8.452178405473171896e-01
8.367027967131495103e-01
8.421000917489038784e-01
8.312482426268721358e-01
8.322993912380820536e-01
8.287124429111867308e-01
8.232422859214874045e-01
8.228937862969959438e-01
8.169435451494461153e-01
8.183399860276371340e-01
8.076394600656345846e-01
8.224907372278806861e-01
8.145768846976675359e-01
8.049825206757379448e-01
8.026676242174086706e-01
8.013115240702635145e-01
8.061850274648508785e-01
8.090186282059992351e-01
7.875426112908194831e-01
7.917136906702155752e-01
7.970392117495830320e-01
7.884110954487942857e-01
7.915620572884792816e-01
7.890497488245029611e-01
7.828773741552310650e-01
7.853621715986573992e-01
7.800057211058932793e-01
7.756476741856068724e-01
7.822410354415544331e-01
7.678556711543370605e-01
7.721520557221187575e-01
7.613193063287528872e-01
7.611979413215762547e-01
7.591244965323620253e-01
7.573596062413116003e-01
7.589069872085625335e-01
7.591078678489402431e-01
7.617495539195514587e-01
7.504077592695991283e-01
7.510183697581391815e-01
7.488992480495920701e-01
7.503001101963049368e-01
7.489682486100971426e-01
7.530671723391398897e-01
7.453312033255152791e-01
7.485877205753710406e-01
7.428340991381265912e-01
7.461825215433640635e-01
7.430052915613647446e-01
7.368503754609099232e-01
7.388613768629272993e-01
7.430489466606181592e-01
7.368002511737978821e-01
7.333718191235152339e-01
7.319252886628009325e-01
7.292330619508167189e-01
7.267594873022305002e-01
7.184658430226836812e-01
7.145061547556104120e-01
7.144016335699585607e-01
7.157638345222747667e-01
7.149853447268075257e-01
7.119270191592506070e-01
7.107639706590787032e-01
7.148323761140167321e-01
7.231584395635873852e-01
7.141692253098009813e-01
7.199066193440458727e-01
7.220275352495881815e-01
7.105646277979387193e-01
7.121039413843746058e-01
7.043906950360869779e-01
7.083477305864676055e-01
7.093821946355028940e-01
7.064662507389078971e-01
