1.000000000000000444e+00
9.342830758895657173e-01
9.099022176057151023e-01
9.089386164252553080e-01
8.970893845273824052e-01
8.909591276178290276e-01
8.772615651876057852e-01
8.714729343816078888e-01
8.768364086363258370e-01
8.699124937227435961e-01
8.546577307093836673e-01
8.380488420653078308e-01
8.387072597648553840e-01
8.394718065762232229e-01
8.358756220064700315e-01
8.255038367931556431e-01
8.124745739445438097e-01
7.979002842985400967e-01
7.956878395823765437e-01
7.907739384493156498e-01
7.908529483108457381e-01
7.717932009209300670e-01
7.725280400487883892e-01
7.711548106042009909e-01
7.581989216336202375e-01
7.286468231456239009e-01
7.333655303342918597e-01
7.488852090825658392e-01
7.365152654319750969e-01
7.341936152716663777e-01
7.350382473169484454e-01
7.173870941910061028e-01
7.159054607709549600e-01
7.111950221202103517e-01
6.977857481094692504e-01
7.006103744151654933e-01
7.060505250687743040e-01
6.960683084923954267e-01
6.815355654251253892e-01
6.710309555789557567e-01
6.602530146105882736e-01
6.693834615217557626e-01
6.602249630835497207e-01
6.526056830207022097e-01
6.479336385416772925e-01
6.307670954743984648e-01
6.193031706675764525e-01
6.342138477817971243e-01
6.207884431752128673e-01
6.219796887434820842e-01
6.243380726037724981e-01
6.145876885929520972e-01
6.063298414451354645e-01
5.991559355589498592e-01
5.900372736713919153e-01
5.908471826890373535e-01
5.936203975055835969e-01
5.782263952322822531e-01
5.819675198824894036e-01
5.824151175511502743e-01
5.880291490057270032e-01
5.770122251156772908e-01
5.737312558750899960e-01
5.743285113820083554e-01
5.635866301414806934e-01
5.560160106309679495e-01
5.466786529184104459e-01
5.552444016029950413e-01
5.530548792989928852e-01
5.510613001535836775e-01
5.420118981589068241e-01
5.324420579751822924e-01
5.381114084960973987e-01
5.336529857091876217e-01
5.169599954196506530e-01
5.198607899155684997e-01
5.136877448555570158e-01
5.175063199729865726e-01
5.010029415372414530e-01
5.116237465232703618e-01
5.114163856227319505e-01
4.957288965374959111e-01
4.859631684239550387e-01
4.903482558159740767e-01
4.848676932883462243e-01
4.758708880740847302e-01
4.729903019632626382e-01
4.686212087977978946e-01
4.629346798979574462e-01
4.711108374686347466e-01
4.590076452403664131e-01
4.608180898036349227e-01
4.496023588320696152e-01
4.487375136871782910e-01
4.505069970994104445e-01
4.563564447242728916e-01
4.569596417930233967e-01
4.501247863397875859e-01
4.419670861590866418e-01
4.446803946950089181e-01
