9.999999999999998890e-01
9.304893397670033206e-01
8.961429574681026855e-01
9.003878968735311572e-01
8.961301398144746466e-01
8.887069891365397822e-01
8.712255738924981063e-01
8.625536367311222863e-01
8.565539184023762687e-01
8.437210566528108302e-01
8.368125868575124748e-01
8.391578691193950501e-01
8.334978772343129005e-01
8.201360682924166978e-01
8.044637304121609045e-01
7.993646296360253922e-01
8.054090826304389772e-01
7.879543587926363113e-01
7.770038648981265617e-01
7.813013508136092966e-01
7.756863659029349378e-01
7.599715804921820528e-01
7.587063115338084085e-01
7.523388943447220090e-01
7.430848668195567663e-01
7.358232853947591634e-01
7.162483025408301618e-01
7.028612460173959686e-01
7.187570286052498147e-01
7.161741582955316598e-01
7.120366145870241636e-01
6.994753262213151412e-01
6.927394233383336042e-01
6.822566998350698686e-01
6.892503811740897657e-01
6.764637461092928294e-01
6.923534898793868297e-01
6.856136731026372111e-01
6.863660254279504436e-01
6.840025894427231856e-01
6.635050634772079459e-01
6.544902333257849314e-01
6.608234724701154139e-01
6.512183273342766476e-01
6.560946873812539826e-01
6.379807445259855214e-01
6.171301961921151769e-01
6.155547481808595345e-01
6.117884079525232055e-01
6.002992262325100858e-01
5.889178143151204692e-01
5.899934866970482084e-01
5.865593806390573262e-01
6.005660975723688955e-01
5.782213772953932462e-01
5.796585987058255895e-01
5.764470611797150035e-01
5.788468531774952908e-01
5.467374334865802155e-01
5.592900719273405929e-01
5.398962445220070183e-01
5.342209272554132582e-01
5.343470561830570009e-01
5.220077201136429368e-01
5.323375944485153610e-01
5.243705060616773439e-01
5.149224293178458201e-01
5.081534458344889593e-01
5.173472224997719415e-01
4.924145138605565686e-01
4.907210457415018268e-01
4.878926335739953712e-01
4.863148563869418850e-01
4.830258215240494923e-01
4.732446989160435935e-01
4.730526365281976231e-01
4.722128073414869065e-01
4.492186592201466433e-01
4.343530391123879841e-01
4.316308560064449074e-01
4.379193381736834478e-01
4.345335858242110882e-01
4.344652798102877633e-01
4.339667913251364917e-01
4.378067635505406008e-01
4.233941184528772217e-01
4.089317985210860762e-01
4.186221972214529963e-01
4.234697951369308933e-01
4.182811219039019868e-01
4.073595796205594644e-01
3.725846067816198093e-01
3.902608207142562735e-01
3.822716398462387977e-01
3.652469312819248692e-01
3.631819025730461115e-01
3.834989761676869113e-01
3.738637970825197110e-01
3.474902964275872197e-01
3.584873080176624316e-01
