1.000000000000000000e+00
9.294318340715508331e-01
9.038363600338560344e-01
9.004491512554884114e-01
8.940678601708478279e-01
8.850316658914675338e-01
8.724484111720152146e-01
8.642133287298483513e-01
8.572637134061591446e-01
8.456753832748813426e-01
8.380752932357078411e-01
8.293591294825641835e-01
8.258099423669686967e-01
8.175807974411435364e-01
8.095959783139257127e-01
8.009983989977808028e-01
7.949221092507030573e-01
7.926762087994723149e-01
7.867659714682040395e-01
7.812651838336654997e-01
7.732789835675503154e-01
7.702988028459448744e-01
7.646871858118391430e-01
7.605057698217274620e-01
7.562047716725798230e-01
7.484468464934883603e-01
7.452330896658354575e-01
7.399024799792299767e-01
7.352232280499088057e-01
7.321868955915210586e-01
7.265255392280425273e-01
7.191052568405311707e-01
7.142284882191030082e-01
7.083067300633419938e-01
7.040096652753445872e-01
6.977914185528309998e-01
6.988379990382800333e-01
6.904799102039701486e-01
6.870534486770814020e-01
6.820622156942508507e-01
6.716967639360301723e-01
6.684769789465165868e-01
6.637117834703765151e-01
6.575454054122629177e-01
6.528133705528480490e-01
6.471539418339165017e-01
6.421741286722167930e-01
6.436171631584501895e-01
6.363800095100329290e-01
6.303020020740046636e-01
6.301842901738121672e-01
6.236426345643170110e-01
6.168812336058592249e-01
6.178124328522290876e-01
6.120319635239097611e-01
6.083563243943166388e-01
6.021143911003028482e-01
5.992446234459589682e-01
5.961907194484484807e-01
5.936459932855571164e-01
5.902809197180197698e-01
5.830910604951704546e-01
5.816007415587259866e-01
5.762895577065805242e-01
5.720324151803164447e-01
5.675435357883793497e-01
5.645719839780958260e-01
5.608163612467484960e-01
5.611036869791938830e-01
5.585910969366207901e-01
5.559530592976259511e-01
5.509466730622127884e-01
5.473695494179524612e-01
5.476125941530364249e-01
5.411525418490472639e-01
5.379810937978541929e-01
5.365204196056871933e-01
5.317469746396996655e-01
5.246712468077028291e-01
5.261420884068834791e-01
5.191809032313350336e-01
5.159261422524785701e-01
5.098037287645065252e-01
5.096858917456327243e-01
5.080465333071758627e-01
5.020442441316399496e-01
4.988009822205404786e-01
4.947817472618942780e-01
4.947583771967761779e-01
4.960971688894495468e-01
4.921939251735619747e-01
4.833408416534369367e-01
4.869881384743939834e-01
4.830800407634803229e-01
4.790086170801408638e-01
4.742026017018993178e-01
4.734645911625079973e-01
4.733579099178608640e-01
4.668976099379424372e-01
4.687806763012519196e-01
